1447
7631
9934
6694
5202
615
9078
8368
5651
8586
2085
872
5946
8375
9567
3122
7270
1279
3852
6393
8142
6560
6271
4228
1188
5031
9068
9417
7988
4137
1201
3124
8561
3495
8335
5860
720
2610
3472
2549
1221
7771
2474
547
6237
8247
9538
625
3537
8383
1778
9096
4932
8871
780
6757
2000
9714
148
7043
7621
2003
865
3154
8350
6687
2487
9177
6750
529
2039
3495
1869
4645
5675
7668
6372
5472
6021
5945
4706
1767
3240
9546
416
7256
5920
3479
6496
3748
4219
4003
4188
4583
7956
389
896
9997
8959
8751
342
4972
2867
4320
8309
7727
6056
963
8400
7829
3242
9999
2548
4160
2019
6327
9227
7417
25
4668
3609
9876
6419
1319
208
2845
6289
7331
8537
1204
6956
7285
8825
4231
8134
8856
889
9725
7690
5083
2442
2695
8422
8913
6951
5073
1396
6138
9763
9688
7948
605
1080
357
9837
7831
3297
3837
4697
1238
3741
8065
6462
299
7663
1539
5040
2950
8317
2048
3475
3458
3881
5597
7098
7534
9329
5930
5678
263
4362
2481
3596
4406
8504
8502
1607
6989
4891
9352
8278
8623
2339
650
1685
8381
8289
9442
5147
3649
5531
6115
5685
774
6068
2957
5928
6195
5503
8428
7877
350
8387
9512
8898
8733
3071
8020
9153
7266
3040
7703
4466
7719
3806
7230
7230
6334
446
6271
4665
337
1872
6332
7594
7175
4195
2188
5964
3699
7560
7871
3380
3975
5844
8791
1370
9246
1566
8464
4160
7023
7144
1645
1128
5031
9781
9907
4805
3783
6869
7254
2058
7012
1841
6890
5307
5019
2442
5562
9093
8101
7669
3652
8492
613
7312
4821
8796
2298
5259
2078
5164
6351
37
6602
1505
6018
9545
7184
747
9192
1879
6418
8084
7184
7163
3290
9833
2156
9354
1697
6567
4028
7978
5939
7555
2734
2757
7155
7096
8121
7380
2466
5704
5427
8562
2677
4059
3804
7354
2320
7715
1563
4131
2494
9870
4398
590
1290
5194
7467
3668
1005
7256
6087
13
7862
4437
8745
4445
7798
7420
4094
4544
1623
618
5604
5329
8387
2685
4387
9273
6155
4205
2246
4934
1494
651
1958
9098
7200
8132
2754
9269
2041
362
3777
6537
8507
6873
727
6319
3453
6614
5598
5698
3842
3562
7596
7577
8511
5600
5796
7826
8073
6467
5001
8569
8786
8196
5253
8676
8445
2808
4583
3965
9964
1921
5538
9607
3585
9836
9005
7255
5824
1280
5369
5987
5154
1324
7145
1277
4605
6034
9517
1482
3931
2290
5420
6045
3918
5417
7825
3492
5387
2007
6556
8537
763
5565
8649
6981
8991
6254
9222
4149
8628
3735
315
9951
7742
6795
9570
3924
893
8520
3472
4228
4406
8763
7833
2193
6606
7324
376
7657
7818
3057
2190
7557
2645
8992
3318
49
292
4879
9141
2419
9459
7342
8711
4757
8749
9909
4799
4074
9079
8932
5791
5443
2990
6764
5819
9347
2426
316
1197
1757
8341
4807
1489
7239
9459
2808
2723
1318
7537
2452
9530
1661
2027
6385
4454
1050
5664
9945
4977
8075
761
6317
2910
4394
6480
305
3773
7580
2534
4567
2803
198
1186
6901
5002
5572
3071
3724
5056
5295
9441
3575
8849
1848
5654
876
2236
1405
4499
8528
7591
4818
5422
2073
1862
9707
6056
6482
7523
858
8112
1437
6460
4540
7336
1373
2998
3828
8432
5680
2154
8616
5235
7404
7523
6453
2329
539
4348
1892
2794
307
4312
7705
7131
1779
2033
3383
714
2938
6005
1264
3493
8868
517
6579
881
6986
9521
1550
2358
1386
7794
3741
9384
1294
3423
7734
7890
6010
7250
8432
1487
8981
1604
2690
3505
1691
1533
1886
8132
3739
471
3404
4413
2653
4315
300
9074
1679
7102
6506
737
4613
6293
2130
332
8653
3070
6561
4483
7885
5043
8380
5554
6490
5233
7608
6445
3054
987
240
79
2708
6011
6341
1173
2915
4258
1655
4191
891
2735
618
8187
5868
8430
5219
6792
7460
9699
534
8754
5195
9775
6154
4183
4485
9173
6179
9253
6704
2921
4935
2661
5872
9450
9941
9369
6815
2221
9986
1417
4417
1763
8577
1206
8788
67
1910
9565
3688
9551
5481
6222
7211
2252
1449
5301
4176
3743
2135
2559
1388
9636
2615
9039
8940
4979
1712
4712
3843
754
1322
8229
2399
4769
602
8337
9999
631
2867
3813
9376
7076
9770
3946
2270
478
2096
742
7466
1484
4767
5572
6027
4031
3687
5307
1357
507
6998
3484
9407
9944
7464
6034
4836
940
8281
7865
3907
6283
9763
8449
1989
4187
6094
3071
73
1877
8771
3902
1764
4107
4171
1580
4693
9236
7588
2085
5308
3523
9634
312
5213
7993
366
708
6030
7531
6679
5657
8913
5490
7390
9252
9964
6877
1469
3624
8551
4371
1548
7557
695
9693
4135
5645
1165
4541
1043
6430
8472
2166
6335
8151
3895
4324
3115
771
957
4396
5245
1334
6856
920
5496
8386
1543
8742
49
1404
396
8053
5842
1092
4458
8552
2263
2795
9121
6151
8317
607
503
5488
2630
5041
3367
7341
2861
6742
3903
3700
6170
8889
8759
7863
1795
9163
9472
8781
7971
5606
4928
3691
9701
2002
8165
5041
7430
461
8767
4164
8046
4755
755
4146
370
2297
5316
1786
1615
2268
2539
2121
6000
8131
4056
7636
5989
6184
7712
2980
3011
6891
2661
2858
8242
9605
4409
2267
6004
8834
1381
761
15
6278
4678
8551
8840
426
1347
76
9779
3908
8301
6031
3809
603
8015
9516
4132
503
8856
7654
1143
2168
5477
4908
2709
9384
6568
1656
6071
546
9057
3821
5101
8880
3959
6603
8721
1613
7754
5799
9193
8438
8273
1160
5605
2377
5703
3525
5670
2484
7430
2984
3588
3945
1751
6232
4341
7550
6818
9620
4094
7971
889
1535
2479
7617
2166
9144
3248
1699
2361
4200
4236
4043
566
1030
414
4020
9984
4798
3624
4790
2016
8207
1158
6497
5401
2972
7872
675
3046
6126
6112
1446
7139
6996
5601
5730
2160
7104
6621
2093
4823
4314
5628
1216
8235
8899
1358
568
7211
5976
7375
8154
1244
6195
8818
1550
9263
3494
6518
4482
8845
199
7670
3140
7663
8190
8437
9946
4125
5564
2920
4144
3859
4107
5947
3046
1555
9049
5860
2595
4476
9916
1317
7775
9785
1297
831
9263
7873
4174
6661
1282
1087
5420
497
569
6467
7742
7244
360
5163
1355
599
3168
4886
9503
6453
2403
3010
564
1319
7546
1007
8626
1178
4809
1032
939
6430
4902
2719
9652
7913
9598
1898
679
4915
3585
9593
2707
5633
3689
4666
6340
7351
7768
1903
841
5319
6123
249
2907
7301
5569
3979
4852
9154
4532
6755
2941
1059
2377
7156
9456
3754
1565
1080
4795
8053
6
2645
1776
7956
703
2067
3763
7115
8981
3133
2135
7689
4128
7376
1455
7455
6854
7523
5240
7838
6951
6016
6049
3941
1707
329
9413
58
9560
5955
3836
7486
4478
6748
8620
5017
3795
4620
5698
2761
9565
927
7678
6247
8725
8473
8727
3392
2360
849
4709
4243
1588
8069
4116
8364
6568
3714
1236
862
68
2179
4998
6232
5402
7515
4539
3457
564
7378
604
5377
4837
6903
3879
1555
9141
9859
5073
9448
5951
2112
6149
5779
1011
1921
7826
3246
30
8436
1603
7485
1708
9189
2539
4552
2369
6989
5577
4525
5151
8645
4037
294
8049
3735
8437
314
2502
5060
491
1205
6619
3427
842
5837
5577
2764
7767
1341
3008
3248
2161
7518
7979
4263
4896
2523
3563
3408
6226
1765
3085
1263
5405
2719
6677
5750
7111
683
5023
2121
2663
7324
2087
3696
4869
8092
9486
3758
2424
1305
4405
6944
9309
9339
5263
1066
7965
5712
5446
7246
5920
6461
2276
2110
4569
1346
6598
4268
8943
2483
5283
9730
8676
1756
4682
175
3821
4075
7050
9604
9506
8239
8662
3393
9323
6442
4945
4914
1846
4243
1862
8877
987
7280
3083
5915
4090
7976
4149
9051
6959
837
2390
1605
8225
4830
3202
2100
3355
1698
4295
2582
8867
5708
8375
4575
9231
8797
3211
4987
4562
5961
9909
5416
8671
8179
2718
684
917
4989
8095
8093
3904
2376
6964
9253
5272
2553
4028
7090
8613
8952
5137
5825
8779
7195
2323
6027
1066
1629
8810
3103
3178
3308
5843
7757
9338
4161
9153
936
2109
6144
5459
4213
8967
6185
4097
5822
1658
1748
5554
8402
8304
8857
7859
6847
2189
191
5518
8858
8838
7319
8642
5414
3863
6247
9870
4123
8440
4185
9083
9084
9430
7776
1449
7366
3335
1503
1208
4743
9984
595
1089
8193
7645
2488
2136
2112
2337
8105
1647
66
2656
7541
6517
3040
9311
5272
1018
1878
7343
4918
7029
3523
9899
8624
7856
6237
3268
5089
66
6111
8892
9523
6076
7013
9829
3490
8474
2968
6589
6028
9288
4945
2652
8621
9375
1660
6192
4842
3959
5407
3195
6537
9620
8306
9179
3790
2572
2324
890
8005
8652
4010
8181
5442
5946
7545
1389
9897
1434
2005
4862
7131
9545
4678
3429
5939
9967
9003
6786
3128
3174
4491
7387
8662
6462
2420
9823
6738
9980
8116
2504
5844
8138
4088
720
2742
592
8964
1574
8915
7798
9173
5464
2050
8213
2403
3663
5899
836
3658
7097
8050
1558
8146
7406
2798
2879
8264
3663
4354
7833
1913
9363
9761
1639
8985
9080
5717
4577
7789
5076
6371
5113
9581
358
9204
4170
6593
3932
1964
1432
430
1636
6465
6586
5810
1374
6725
6129
7698
1229
8915
4397
8665
1953
2669
7928
6041
6825
5274
2693
3275
5694
776
9770
8472
5774
1725
6920
1214
8533
8644
2704
6197
1833
3100
2761
6509
5471
5828
3681
3223
4273
9033
3318
1928
797
6881
4737
4115
599
9398
2907
5575
3540
4852
1849
9303
913
8323
9669
7377
1806
171
7897
9046
8088
5790
4810
1182
5166
6590
852
5823
4246
3443
6225
9704
6559
2642
5222
451
2758
6870
5512
1434
715
1997
1464
5599
3230
2333
4846
2682
732
3325
910
4950
1768
2942
8211
1957
8262
9714
5777
2408
4839
3152
9806
35
428
29
4557
4617
3091
9381
5810
3439
4307
6656
4747
2790
5017
9300
4220
8389
3525
4071
6058
9038
7450
4986
5397
5346
8128
860
7984
3542
8830
8798
909
7552
4901
3241
7615
5640
2127
6481
2070
4409
3238
2661
7100
5370
1690
2431
3906
9394
386
3115
4401
2630
1751
437
1760
34
1822
190
5235
359
3430
6814
5450
8893
3892
7218
3706
4601
1791
1179
7286
5885
9703
7970
7745
2526
4271
3057
2519
8446
6823
5944
8499
1277
6766
8045
6530
4604
8317
7076
3864
3025
5968
2449
5930
6364
4364
1769
9627
3647
8008
1236
7248
2447
4221
8164
9184
5657
8445
2860
9351
7653
5570
167
4298
9711
5375
7745
6960
4295
8735
9835
3069
662
6106
743
5510
8529
7163
2881
7027
7411
1952
1251
7023
4275
5019
7112
5366
9172
8125
8161
3614
1398
6148
9956
3686
5680
5411
2360
9616
6943
4845
8735
7691
877
7173
4301
141
4708
8800
5597
3295
7130
1942
4948
6370
415
6457
992
1530
7051
1351
1010
1363
4064
3103
1934
1571
8026
2292
9619
4751
136
1693
2297
5938
4511
881
8299
7506
5568
9681
7365
6357
1157
9854
6965
3936
9451
5266
3622
3253
1904
2817
744
2774
1369
6663
8518
7669
7096
3300
8086
9557
6983
7862
3195
2607
6777
965
4845
7220
2851
964
4389
6778
5829
8064
7185
1285
7734
7666
852
6515
7811
9481
3050
4480
4528
4013
5711
9471
1747
1138
157
5204
7729
3454
4544
8753
4797
5000
5019
1318
5465
9580
3777
5065
7860
3110
1252
7492
7120
511
3226
6794
4500
7427
1944
6645
1509
5759
383
3599
8634
1523
2822
9835
5248
5478
5994
9028
8552
516
406
3972
7915
9473
8123
2539
8380
835
9409
5400
6157
9712
8737
5959
3039
6479
6271
70
6258
7633
1796
5154
8367
1989
8989
9145
4436
5312
2659
1406
7137
5667
921
1918
6532
8583
7432
1129
6093
8768
3683
4743
9536
3812
8569
3071
9091
7497
5904
5988
2457
4885
8149
3905
62
8458
5115
3341
9783
5325
2727
1333
5185
7841
8645
4329
3238
9765
2871
9555
7810
4279
8065
5769
26
7973
9178
8811
5569
4496
8741
9120
5322
3536
6052
3644
5808
6510
6928
7431
2077
5281
8005
4489
1992
5028
5681
7756
8918
2780
7685
3101
5426
7873
4004
3384
6605
7035
345
499
4691
4172
6080
5534
214
1562
4823
6055
7878
8062
5126
3756
1506
5084
8674
9772
9582
6160
6
3667
6740
3663
4762
3058
7901
3632
9614
2922
129
3628
3136
2875
3888
951
2249
9979
4104
2818
1779
7388
203
2854
5578
5287
3448
7221
9469
157
3172
2056
5301
5851
2682
9155
7104
111
9975
3704
942
4026
1790
36
768
2563
5213
1516
492
6090
1799
5911
4548
365
1405
7906
355
8001
8863
1469
5484
6799
2691
3256
5382
284
626
565
795
7856
6958
5774
5577
7383
359
6805
8212
1957
1757
9964
3554
9915
4349
854
857
8379
9247
3507
6701
2351
5142
787
850
4009
3621
9189
6609
3750
6987
1586
3812
5808
3097
9866
596
3873
3378
1161
680
1569
8297
4779
7324
7150
9573
5548
6137
5803
7896
770
9024
1431
2066
612
4938
6906
5345
9005
9964
1138
2000
7979
9185
4052
9941
6824
342
5168
3944
2049
4216
8938
5701
6604
8652
9824
4386
7156
9481
7092
6423
2997
2926
7296
706
9183
7223
3906
5334
1078
9539
9027
8563
8787
8860
4015
2428
8630
8077
1613
3613
9835
6203
5804
9004
1550
2122
4
530
202
9180
6439
926
5234
294
7125
3452
5761
5230
304
2214
3744
6493
3011
9065
5412
2949
1025
9215
8543
5644
7705
7169
7281
6660
3491
2370
6354
6164
1268
5521
2303
2610
7814
4766
3517
6797
3450
1397
1017
829
4939
5682
1340
9953
1456
1995
3754
2894
676
544
9595
2367
1055
2338
7921
4097
3464
4014
8432
6804
3901
4404
1216
3632
9386
2039
5853
6805
2903
7585
4490
3938
68
3879
1721
5907
7332
7377
1343
323
871
4373
9795
1096
7798
5015
5525
385
7743
9595
4547
4057
9806
9965
4297
7567
7720
1711
9231
3879
3909
8405
6800
9764
8557
6800
4905
1832
1500
5498
2022
3810
5791
5678
3004
5728
781
2961
3850
4489
7009
2989
6363
2684
4590
6966
5636
3924
6200
5685
9771
3420
4394
6207
6308
1386
4098
3894
9271
3979
6143
4051
8698
8912
7309
9713
2847
8217
7822
5662
8149
5374
6299
7413
7723
1606
5026
824
2149
287
2674
418
2653
2574
1969
7901
3371
6688
9584
9563
3322
4927
7750
3748
3556
6068
6834
1093
2315
7732
3154
208
4301
2329
2843
8117
6769
6150
7781
985
647
2833
3682
7067
6867
3381
966
8535
1085
3472
569
7821
9422
1698
1908
8344
2265
1181
4773
7117
3150
1990
6890
4998
4806
4493
5577
6927
3520
8095
7935
557
4720
6878
3806
7768
5735
459
5034
4360
466
3768
1553
5127
2992
1850
9189
3128
4409
1110
952
1682
8488
1965
6915
7719
6889
3876
1988
446
1860
8393
4183
4242
2309
2000
4052
4798
6270
732
9333
4606
5012
556
4135
603
1474
7021
8741
7432
3593
6735
9046
9348
5933
3739
5967
9960
5314
9766
2810
5363
1900
2293
704
3781
7838
8665
9736
6334
2210
1298
6991
1986
9942
9124
6221
8551
6562
2886
6291
9761
3348
7914
7225
2149
1709
4649
2035
9417
2763
3891
3568
3923
9944
3747
6421
5297
7642
1844
8845
6124
1930
8526
3834
5961
8452
9952
8667
4381
8677
3156
5490
9563
6804
892
8320
4485
418
7728
6816
8353
4899
5567
6020
7678
7605
3254
6500
1124
1509
7736
9113
5182
5670
7084
7860
268
2530
8731
1111
627
86
3779
8716
1956
1266
2561
9752
7983
672
5455
6286
5185
7199
7770
6763
7706
2390
7768
4778
5033
1671
5764
5039
2836
6491
4098
3468
4666
4712
8208
9308
854
6982
814
8222
9343
2154
966
5590
2122
8668
3143
6710
8579
6441
8606
4492
3744
603
9875
7641
7370
7266
4789
9396
9452
2220
3174
120
2014
1653
8350
1250
3797
6926
7321
1334
257
3459
7520
4493
1943
3325
3714
5611
9786
2865
7949
9521
2453
7025
8449
859
6741
2989
5504
2692
663
2887
8488
5919
6989
1642
7375
5708
5032
3290
806
7653
7327
3146
7444
6738
5441
2569
3466
6361
3194
1268
515
6577
4171
126
1464
8589
3776
8945
3421
9769
8294
8238
5405
3386
4944
2068
6773
6162
4756
4312
2320
7453
4346
5642
8006
1916
68
7145
4613
694
3890
5541
8538
7578
9761
6731
4098
7624
3385
2194
7280
2535
314
8231
7979
8370
6347
8296
2412
2526
3435
9683
8441
9438
3717
1137
7813
1307
855
3505
5078
7805
4579
306
2145
5349
4554
272
8712
1863
8765
7457
8111
5363
3871
2366
8649
4486
7030
6321
8211
9531
9391
9149
646
3372
5273
9240
1477
6686
5400
6240
5378
4887
9196
1380
78
1623
6400
3831
3588
6907
5719
6203
3005
8902
2993
6172
5880
6241
6117
787
1105
3022
8614
4238
6860
9335
5110
5160
1320
2830
8230
557
1694
587
6997
8493
3954
7493
7890
6543
9949
6307
1625
8274
478
5285
3759
3850
5204
3716
7402
291
3753
9876
4759
4728
4173
1307
4479
200
3383
2399
948
3144
634
1105
29
353
6219
4584
2511
9553
2680
7537
6173
4879
6837
4489
4435
5466
4602
9958
262
6268
7065
4026
9790
5997
7850
7595
4326
9353
264
1129
3385
9825
6334
307
6128
8015
6826
4505
4915
7105
8168
7090
2031
5958
770
1728
9862
6249
6828
3302
6628
3998
2809
3694
4408
4206
5901
6489
5067
7578
1057
7869
9954
8880
936
7592
6422
6753
3617
2695
8449
6334
9442
4986
5399
382
8020
1600
206
5150
8314
1356
909
6206
9480
3168
5391
8115
9645
6875
9726
4855
7945
209
8514
6852
8169
1973
4470
5483
621
4803
5041
2942
219
2633
734
4279
6919
8095
3695
8023
5981
9544
9323
8391
6757
49
1693
31
3904
8908
602
5650
4122
6013
455
8837
3531
5075
1703
3087
9713
2294
4663
4333
9208
2490
8107
266
4223
3609
2303
8287
1516
188
5370
9056
1053
7839
81
7716
6613
5069
7397
7779
2637
5117
502
9932
1618
1161
6354
1135
9363
6335
9882
5687
6898
168
4122
6518
6666
8113
7125
9733
556
3993
8279
9796
3504
8977
2154
3119
9128
8738
6626
2565
3861
640
5855
5986
3670
5013
3993
2602
89
8456
156
1117
7030
4364
6526
2103
5084
7178
509
5208
9200
6782
3114
8153
7634
4070
8691
5382
6327
1088
4038
523
6444
558
8599
6559
4556
8766
3535
8332
8531
6537
4621
4131
4901
2331
2801
8755
2179
6824
6649
6488
1635
2157
5099
2951
7731
2541
1294
3970
6638
222
697
5436
71
6337
1553
9005
8048
1607
3250
2514
6672
416
246
9504
6933
5977
4366
4895
8978
5132
3222
6255
8405
555
6972
4283
839
4699
1986
9536
8083
2556
2933
4415
629
4398
4407
7971
724
911
1616
1838
768
8053
1371
3647
5166
1683
7685
9426
5147
6229
2652
5512
2909
9343
6095
9505
2582
2312
9648
6539
2521
8947
3671
4880
811
6613
8466
3298
3898
7380
2613
57
2165
2432
6865
1291
4488
9791
1626
8841
4744
1393
5194
3761
5097
5215
9235
7540
740
3869
8539
4423
5573
7249
3235
2026
3667
5838
1637
3031
5040
2897
3831
341
3556
6176
3362
1073
3935
6275
6137
2834
8290
485
1562
5991
5780
9919
9778
3374
3433
5967
7786
7441
3384
6306
9029
7265
4796
966
7348
8203
4443
100
9105
3507
9964
210
783
2355
6815
1287
9972
3054
9200
5671
6714
5759
5738
8522
831
6148
9722
2145
5798
9466
761
1222
4983
9924
2372
7594
6145
6113
1837
8306
4767
5470
4960
9741
2250
123
3271
5305
4663
3572
9056
715
8920
8777
5424
6403
7139
1441
2110
3138
9348
1510
163
7921
4274
1168
9023
9205
556
1859
2699
279
9070
6576
4790
3310
1092
8455
1680
5862
1591
8278
8083
3980
7355
8002
9884
67
6595
1729
1815
9540
9501
2403
269
1861
2522
4701
7757
7740
6345
1440
5407
9243
8685
9038
4955
348
2441
4296
3494
4403
5711
2591
6094
5058
3591
8883
3842
4652
8175
9431
519
6922
5152
8704
7185
1958
1173
6473
7264
1349
2389
8736
8492
1213
3379
4893
9981
8971
8301
955
9237
2223
1176
1967
8255
1872
1484
2178
5830
139
5040
9741
9949
7909
3967
3651
1673
8185
989
8969
1682
547
4817
771
7512
9474
7334
2423
9382
3457
4448
6613
9972
7754
9183
1611
5373
5684
8329
9217
2626
7225
3970
3212
7997
9025
2411
8939
1206
2326
1569
4046
8859
5008
7896
5338
8990
4589
1520
5006
7581
254
2195
4328
3519
9061
6591
6206
9069
5325
1713
522
1593
5587
3710
5023
4840
6054
4211
9098
5854
2583
6452
1264
9318
6239
3145
622
4528
5569
1785
581
1400
9193
7242
8139
1142
1217
7402
3476
3938
1403
9063
5175
4266
6403
3618
2687
3765
5940
4028
5324
6224
8300
6154
7218
5519
3279
1999
8913
675
6303
6866
563
7294
4860
6292
1917
9738
1730
500
2867
3646
3899
3817
5239
1340
265
3217
9132
5235
6637
8996
6075
9052
1835
730
295
4832
2081
5749
1287
1884
8373
5128
3534
8496
346
3911
5589
1843
1369
4511
8396
5681
6680
1112
4264
7721
942
57
5827
7533
5158
9265
3474
2700
6483
5604
2795
6673
9218
6737
5541
6018
7059
165
3284
6002
6990
6147
5057
7549
9202
6187
8934
1158
4349
4081
6964
4326
6795
6333
858
5769
2089
1851
261
3458
7054
3501
2483
3430
3213
4330
4025
5269
893
5756
581
8221
9981
6774
3416
717
9547
3749
3379
5860
4823
1525
8295
8507
5079
7101
7832
2802
6555
3123
5038
4654
1796
3719
2865
2345
7859
4035
5408
444
9530
5556
3214
5325
2579
6207
4764
4823
4815
5746
2367
6502
7820
449
1090
4193
8434
3246
2137
2817
6114
7972
7375
4504
6998
2051
1471
1421
9750
5555
7007
6670
4756
1840
9710
8818
1030
9209
8852
8355
6213
2478
7748
6191
4482
953
3753
4369
9878
7465
3
9864
1309
1491
2416
8695
6314
3230
9964
2176
4543
9496
8541
9820
4350
6849
1054
2574
1041
4167
8767
120
5756
6767
6513
7668
5655
5386
5006
6907
8886
172
5488
9256
6833
9174
1779
7381
3406
9814
2652
2281
3949
101
8873
5893
5962
5726
197
8380
5247
1042
732
9328
5879
1764
5907
5729
7927
8824
1047
6293
3946
5643
7858
6120
552
1602
4301
8866
2494
7542
924
6846
9613
9900
6810
839
4363
7192
3323
9591
967
2181
5891
5046
6222
2086
6121
8308
9597
7671
5843
6127
50
9956
2070
1259
639
344
2267
1904
8735
1680
4247
6360
2457
1681
428
3042
6206
7589
9454
6441
8034
6866
4603
866
9483
9636
1384
4483
3588
1523
6270
3307
9876
6799
6234
3206
6232
1553
2510
7049
7704
4671
3884
2113
3518
7268
6204
3130
3805
1851
6223
7341
7079
1037
94
1858
397
5895
7741
9601
5739
6883
5160
6318
9247
1263
5988
491
6204
5058
6324
8799
8776
9757
4549
4216
9130
9559
9053
123
1660
1455
8080
3664
5446
1581
4948
8035
6677
5779
6253
8681
5305
5294
5332
2515
8515
5101
4076
299
8482
3290
4342
3522
8331
1274
4444
7918
8491
5540
7305
4737
9614
3588
4250
5225
1231
115
6415
3237
2278
9619
9316
642
6606
7810
3881
9267
2263
2083
5399
4759
265
5220
1621
3883
2116
4241
8361
115
6621
3140
9162
2712
3613
3172
1192
9227
8702
9065
5351
9041
345
9941
4873
962
3814
2127
897
2040
8983
2917
6130
4595
6002
7215
6727
3594
1608
3335
4681
366
1202
6040
8644
3944
5648
2180
732
2771
2102
2604
6533
8127
9168
6579
1600
7834
4239
1537
2639
6357
480
3384
6605
9045
544
4766
7489
9247
9191
5021
3475
1646
2451
9319
2812
8742
6452
8278
2683
3835
8304
5599
5222
8265
8367
8093
2069
7703
2115
7627
5795
2793
8798
4737
7755
6062
2866
8917
2904
9358
4473
2476
4937
237
7628
7268
4917
7809
3068
5297
9482
4105
3887
2236
877
2413
5092
6526
3054
9693
3932
8267
5426
7442
8859
9149
4415
3523
10
7905
224
1944
2496
5994
7681
753
4719
1879
5103
4538
7711
558
2875
5947
4202
237
5681
8487
314
3346
9385
5465
1826
4211
2608
5881
2230
5798
8685
7572
7835
9797
7627
9514
4390
3756
125
6317
1413
4787
2915
9855
7025
6840
4583
6113
3410
25
4529
9183
1438
4080
4394
1824
9414
9348
3530
8162
6908
5899
9586
7754
1589
2354
8510
6985
3343
5051
8
3637
8043
5924
2444
560
6147
9986
1408
4754
2300
3850
9423
7254
2457
8820
6112
211
8484
2897
7783
7863
8662
8301
5939
4174
6516
5648
6183
9342
8728
4757
4210
3701
3148
7107
911
7347
3275
3875
8444
3597
571
987
4740
8202
5347
9110
3511
9347
9777
2060
893
6588
9226
8393
8345
9913
2506
8087
2839
8433
3721
7249
6540
8181
891
8110
1835
315
3454
3842
4147
4465
9133
3810
8189
4089
564
4974
7756
7900
185
7693
4142
7620
284
1072
1064
761
3374
2797
2087
598
7326
9492
8272
1771
9485
2614
2485
9205
1270
6
9509
549
5140
8864
3844
6686
1686
3777
1283
8820
8377
7105
6552
5775
3971
6962
3223
5717
9918
3898
6607
1935
725
3202
1511
5819
4368
9899
411
722
53
2596
7967
9624
1488
6378
3174
6207
5522
185
1754
2904
3599
2746
9991
786
1954
8948
3256
6318
4213
7653
6439
6019
9829
9125
9100
3065
9146
4977
7167
2301
6931
1633
2220
6595
4846
8721
1578
4016
4095
9792
482
615
9344
1437
4580
9467
2713
1383
7168
7605
3236
9452
6850
4771
598
592
9636
5826
6827
6793
5713
5645
7637
8421
1748
4445
8700
2346
1108
6630
6322
1932
4021
3455
7297
8688
592
6441
5670
9486
131
9336
6429
7032
5456
8973
2555
5951
3859
3964
4704
4253
3936
2818
3339
7713
6526
5734
6752
8342
9291
9416
2486
6848
3073
2201
9192
7608
3511
450
3613
9411
8962
256
1483
3488
475
1210
895
4309
8945
4461
252
838
8199
4608
6928
3092
802
3194
9736
1433
9766
4889
4443
468
1711
5189
19
1107
4422
2957
6945
7577
5228
6009
1064
9181
5170
3191
6180
5456
383
4726
7964
8095
4133
7595
9147
8810
6331
5599
5222
1553
1162
2941
9379
5233
8440
4885
643
4934
2929
9869
2739
1879
9837
9813
5390
2502
9932
135
4591
6253
8993
6587
5340
5004
7967
9718
350
5362
2824
8111
4493
5436
6588
6500
3274
4988
7166
6230
2123
7210
1994
2019
3887
7547
547
753
4162
5523
7247
3551
6040
6033
4854
7681
3880
4645
2829
4210
618
4075
5071
5276
9543
3717
7738
806
2887
996
7381
4256
6859
6165
45
4891
985
4172
1178
7933
2739
25
6729
7702
7059
5697
7569
2933
480
792
3940
9922
3048
2031
9855
7188
5063
1981
2891
1218
9071
5010
8937
5259
792
6856
605
3124
5486
5327
7242
4451
6412
8715
9170
9239
27
8096
8119
369
9833
2374
9932
5631
9294
3333
8476
737
2671
2533
1437
1443
6047
1322
4938
9280
4077
7665
4098
1569
2509
8091
1810
2110
200
7803
8420
4162
9723
456
8858
5485
3210
2191
4375
793
4301
1287
1298
5737
9145
6287
3982
6978
9090
2182
2248
3078
368
2347
8523
9384
2722
2029
2765
7036
2848
8165
1996
8216
6891
5828
9358
577
6115
6742
6789
7101
7107
1646
8583
2478
9102
1755
5548
6833
9709
8940
5710
6618
2536
34
8963
7121
8128
1859
1678
7904
732
7458
3273
7330
2966
286
2985
4102
8161
9685
5291
5053
8754
2179
7312
7896
2709
5819
7816
3405
3140
2193
2915
1654
4946
9922
1886
5487
863
8906
1872
7198
2305
2313
4447
3595
7796
2479
9737
7448
6570
7367
3801
897
2848
7654
3719
6983
8168
6074
4226
2530
6402
8733
3194
751
1865
695
416
1248
4097
4
8654
5328
4744
9109
6951
9759
3031
1844
2878
9954
3789
8427
7011
7075
8751
7190
7041
3192
4938
4128
7498
3242
5449
9704
6362
9390
7804
6435
9291
5384
714
2069
9901
3759
6960
6311
5919
9265
4936
4944
396
6509
1907
978
7298
3606
6506
1534
9331
3246
8308
208
4978
9300
1355
2358
7581
1730
1472
1110
7423
6073
1877
8857
5665
9331
3341
481
4008
3912
6743
3581
3698
2000
7774
2607
450
9835
4543
6873
7759
3230
6734
1073
2481
651
172
9564
1679
1634
6264
8287
1077
9794
2870
7493
1289
5960
7970
4422
5007
9869
1557
3564
9608
7648
213
112
6281
8073
2951
1394
3050
4991
8342
6136
644
9910
4802
1673
2353
1636
9316
8959
5264
7032
7285
3384
7072
7512
4824
3148
4101
6465
1791
9496
7526
7633
2736
2164
2204
1379
6536
9457
1344
4142
6968
6456
6173
3562
319
9842
3205
6172
7082
6466
1402
2039
2075
2530
2609
5633
4968
926
5541
6896
7582
1304
5894
1936
2267
8898
6999
8371
8675
5214
9288
282
3237
9481
6011
4767
1193
8145
2929
4544
9668
5847
1736
8515
9642
1537
223
7085
4856
501
6866
9042
2371
7032
6734
2227
299
9381
5533
8554
2397
9671
3811
5120
592
1416
6022
4831
8692
6516
2952
8601
908
8820
9068
2063
1246
6829
8494
1322
435
150
6518
4444
2980
9181
4390
7817
3808
3539
5909
4703
7734
9569
5839
9750
1197
7149
2189
5303
301
57
7583
9625
7235
1945
3702
1420
2571
8976
7493
8148
9997
7518
5423
8974
7406
1374
5805
2291
9590
3885
7248
9139
6893
5740
4505
42
9530
7181
6455
2036
292
111
8093
9537
6871
1419
4101
6699
9870
695
4479
2383
3351
5085
7907
384
9447
2846
1285
2335
5001
2561
9790
1072
2993
8097
5706
3263
3611
8019
2776
6204
9753
2599
1476
353
1436
4064
9668
3073
4478
8026
7031
2799
4801
4956
4936
4423
6099
3278
6473
7471
6680
5640
5891
7096
316
7353
6099
9408
3689
9424
685
7438
1099
7795
9514
5764
6914
726
4131
3715
9189
9637
4024
3717
4599
7874
1116
6966
4686
7093
5780
6818
3848
3831
1813
3101
7522
7854
1130
5280
3083
8974
7896
1487
4897
1329
9449
2633
6077
4325
139
7390
3830
7550
8277
4010
2370
3847
4125
6224
7442
7220
2759
3961
1920
7981
8802
9362
6641
2093
1404
2996
6600
934
3312
5255
5227
6838
3438
4348
1417
9208
4669
1986
5133
3285
7601
8522
202
6123
269
314
8485
6599
6783
1388
6987
7104
6615
1104
1735
9542
9932
3228
5224
9816
9409
5684
3431
4514
6607
8919
4714
6898
7555
1328
995
9992
4374
1510
385
6984
3463
700
6635
9175
5182
2393
1925
5619
7541
6224
9214
6933
3161
9111
4489
327
7475
6694
91
9918
3620
3073
2296
396
8798
1386
3347
1193
5571
7326
5094
5310
106
1841
322
6567
2069
7062
6652
3270
4029
2118
4099
8233
112
844
4643
3190
9414
1646
6114
2143
5919
944
284
2864
7338
7116
4942
8037
507
901
3285
6069
2733
8655
8946
8260
4460
9637
9739
7485
9931
4654
4497
511
9502
3309
8203
7908
5257
985
692
415
4467
5338
6668
3046
6094
6352
3742
706
3728
4157
2077
5316
6494
9027
8609
2679
9842
6156
1227
6416
2630
6716
8610
4403
1128
8631
4545
3556
8878
2784
2145
2640
5631
4374
248
8293
340
659
236
1471
8764
5190
4215
2026
9982
6926
5823
3965
6161
5846
4535
467
593
1489
8880
4847
7533
2346
6957
1498
6929
6528
8383
2682
5754
6086
3125
9238
3184
5624
8141
8457
9876
7118
5825
201
2342
6134
7069
4175
8856
9695
1110
171
1517
679
2369
8799
6189
2883
8994
7192
2334
9293
558
2866
4608
3939
498
2679
8445
8330
7962
5748
9316
719
4260
2939
8844
7703
8154
6584
1750
975
1483
2699
9879
9486
263
1371
5775
8040
6978
3608
23
819
6741
5135
8800
6979
2184
1725
5432
487
9396
3139
9642
1372
3184
9542
3673
4847
6320
8104
649
7859
491
8802
7954
8334
4324
8973
2048
5828
8304
2912
8800
9114
8313
6814
6304
7151
5648
5091
4172
1416
659
9812
5123
2982
426
9066
4058
6826
7258
3321
6856
5442
4719
1627
6495
7659
4592
583
3386
6627
5565
1898
5781
7745
2831
9536
3401
43
3318
3489
462
6228
1082
6945
9717
264
3908
4518
2111
3862
1583
7860
4629
6366
1814
1715
4952
636
4602
1809
482
6819
5222
5637
5816
3967
7544
9009
9627
9346
3690
92
5279
1
9398
916
3609
7707
7664
2048
4027
1550
612
3806
6038
2728
564
65
4418
9830
1158
9444
1751
6652
4654
4591
6460
3789
7951
1413
3802
4717
9401
1400
2538
8415
2082
1663
6603
5585
2999
5804
7714
1475
1143
3802
8612
5807
5242
4799
8648
6475
4677
9544
5505
6042
7400
9049
7782
8150
1312
3395
7028
4181
3066
3861
3659
7979
2181
5951
8441
7777
7631
5185
9729
4178
5560
6991
9284
873
6943
4228
6094
7051
9780
3794
6409
127
6445
6403
9526
9326
7090
7401
5661
9095
7341
9361
5362
3642
6636
6127
6403
6999
4959
3154
1985
1747
2629
4956
2282
5468
7701
6962
2765
2157
7568
5018
6350
4374
4229
4028
3803
2849
9616
6995
4675
5518
7705
7679
6390
511
2855
2788
9890
6032
9361
7273
7109
7308
8364
7798
7143
1824
2215
7387
3041
4610
2667
8063
1542
5421
8841
8717
8080
1188
5747
7923
766
7443
5138
6530
9756
4602
1932
9129
3089
9321
4200
8030
9115
4156
1727
5942
4772
8300
4312
5174
4545
7597
894
8567
278
6519
7270
6794
8523
3286
4323
3648
4437
8497
8105
8802
6973
436
9830
3128
3801
4776
3404
5565
6332
1442
8776
1899
2294
8285
9705
2264
6228
5355
468
7025
9300
1184
1876
8537
7897
8951
3406
3876
8928
3449
8731
6209
6537
7679
8237
8783
5734
2667
1831
3362
9920
9387
3978
3420
5220
2614
131
499
830
3496
3684
1597
1636
9497
6696
3467
6696
528
3962
389
4173
251
4168
8242
962
581
8718
3033
2580
7094
2710
4936
4464
6504
6244
3014
8778
337
5107
449
9027
2396
8998
7121
8442
2517
4235
1708
8535
5653
7547
9776
5136
176
8950
8219
3982
5829
1288
4620
2523
6930
6247
3903
7291
2909
6298
8153
7803
3848
7344
6656
5452
8938
2179
1449
3022
354
7024
8509
5271
5581
8658
7498
1504
86
7570
5259
969
492
6582
5803
4262
2328
641
9644
7841
6848
1394
1529
427
6750
2383
4877
5092
1544
1280
7654
8910
5420
7181
3633
552
5134
2022
6895
5182
7745
286
3030
2988
536
6922
7630
2779
9617
1174
4262
7871
4388
8194
1241
2000
3895
4054
2160
9990
716
5091
1451
8554
3331
5129
42
4039
6969
5482
1835
3816
4717
5989
2587
862
3288
3638
8912
5595
2523
7955
4946
7193
5564
4734
4821
539
5589
5408
7706
677
211
9491
5736
3970
8107
4737
5670
7075
1183
202
9573
577
3230
1670
9629
4142
3760
53
6951
4531
5614
5927
3107
969
5916
5299
5342
9598
9684
1606
7069
3329
5987
7761
6586
7928
3138
9394
4001
5609
6972
7153
9420
5110
4195
2253
1933
1878
8992
9203
4683
1093
9157
7087
9070
5895
290
7174
3728
8402
1175
4835
5171
256
5326
4141
4235
716
2243
1758
7087
75
8222
5795
1048
2816
8144
7718
2184
3161
7829
257
9181
9513
2378
1679
4656
6804
7371
6123
8027
6853
1039
7107
2849
3901
3442
4228
7856
3784
887
6733
4384
375
9532
3410
3893
6919
7146
9696
2096
938
3995
5840
8298
651
6176
8640
7555
7751
3189
7173
3000
1195
1816
3966
1208
9062
1986
9820
2808
4822
7785
4377
306
7706
1420
2631
1664
2876
9017
9072
5929
7909
9621
3457
3365
267
6497
8730
5561
1771
2223
1692
377
5050
7639
3951
7369
7994
6443
3456
1236
950
9060
9823
4747
7845
6942
6173
5398
384
7896
4562
7142
1750
8122
4417
2846
4991
4392
4854
5652
9329
5857
7018
5992
1287
2040
1371
1548
7758
1556
5408
247
9262
5514
9897
4182
9984
7817
2522
8742
3315
244
3965
8386
8285
6628
5064
4590
9213
4739
8019
4520
4980
8537
2156
8302
8791
1343
7609
5855
6279
5718
2971
9100
743
3244
9504
2175
8433
7270
1121
7363
1846
9152
9897
4880
9669
2472
1095
3685
4270
1989
1550
8393
5126
6615
2016
7463
438
6407
9028
6925
3670
574
5378
2623
6314
4656
9250
8058
7300
7327
5594
9659
3818
1841
7478
3410
7378
5455
6614
8399
5318
5985
3078
8170
5393
664
7207
5664
4360
5141
5918
2820
1774
9284
471
2927
2163
8631
4898
2222
620
1961
7390
2482
931
3149
1619
9471
9142
3457
5940
1800
5476
3492
5380
5831
2843
2759
7930
3866
5923
4855
3915
4624
9905
8659
8849
2768
3734
5332
5663
1500
2169
4981
399
5527
2765
7191
7328
9692
4234
7721
7628
279
1420
4946
2555
9940
8888
8092
8961
942
8958
8169
4782
1198
113
6623
3821
933
8579
9485
8094
7973
9580
9756
5474
4324
1876
944
6676
8373
2729
1143
1629
4965
4071
4474
5210
5806
3566
1338
3363
1619
607
1950
8015
5776
2201
1092
1295
7824
8472
869
7024
5816
8354
535
9690
4768
521
2542
1988
8839
9088
1285
1893
1242
8665
7740
7194
1924
5343
8526
5195
4892
3311
8346
4580
4497
4527
2736
2119
9344
8084
9363
5104
2828
4516
4462
5793
2711
3721
7781
3932
1736
4199
4439
2211
820
3652
6563
5953
679
486
6736
1891
6933
7803
9732
9034
6152
3697
856
9743
4336
7350
7519
1640
4425
3875
2031
6688
2237
912
4652
2435
965
8983
4799
5582
6462
4155
574
198
1487
7228
2548
3781
7272
3427
6756
7779
3612
6491
2202
7336
2510
9028
5792
2717
5447
5753
8607
5789
1215
2306
1684
3422
1644
9538
2634
7975
5331
9500
2850
9992
3457
9014
6517
7712
3707
9137
3973
6065
5438
1298
1112
7563
2220
3893
4734
9757
1408
4688
3149
7200
47
6749
9465
5253
7730
9309
69
2213
8717
7080
7434
940
9584
6606
4754
9503
3651
3785
940
4975
5718
4153
2011
7020
4311
1798
3855
4065
5022
2942
3593
6954
3119
1920
7830
9825
9610
2298
5366
4859
9251
1915
6387
8184
3772
9884
6592
9532
5109
1548
5403
1607
5298
2598
3726
5892
9827
6260
3795
3665
7546
5890
6404
9637
6552
4397
6071
8562
5312
1975
9385
7355
166
8811
4237
9468
7426
587
6364
4461
941
818
8273
3927
2993
9580
5722
1012
663
3465
4717
6595
8965
3650
7173
1295
3337
6312
9494
7580
5531
1669
3711
2746
3302
9884
2894
7422
9211
7279
3165
3352
8520
2250
7967
8095
1136
9185
6248
5855
7212
816
6115
9648
7889
3719
9831
5492
9140
5333
2356
8116
722
9376
3931
6453
2652
873
2345
4373
1289
3196
3077
459
527
5488
6837
8453
3292
1616
4442
4127
3342
5309
3119
5560
5711
2565
8067
7469
4680
9436
6927
8709
3470
7916
3026
4794
6426
4639
8022
8015
2155
3104
833
5332
7059
5788
2499
5658
7184
7874
9584
9056
6383
6125
325
6557
4975
6280
2718
4535
9718
5844
5773
9546
191
1737
3079
5025
6535
7593
9282
9870
2336
23
4492
3043
1237
1981
1456
1186
3366
7329
8327
5104
3822
9112
7902
7215
7046
4466
8319
4610
1876
6145
9953
6060
2936
9570
7744
608
7450
7241
4843
280
2661
16
6937
6986
743
5076
2052
2134
6499
7356
9310
6256
78
8511
6771
4876
139
2891
4469
4876
2204
8355
8789
2438
1911
8726
4289
8637
7090
8304
9201
6553
3145
1974
8256
6385
2900
1390
6490
3205
2286
6261
7677
8718
9413
3851
5300
9906
5127
1370
8458
8287
8103
7036
6361
6169
3557
4811
1619
3189
1853
3302
1588
4255
4544
8414
2336
7801
9396
9764
4083
1309
106
2445
4070
5087
3165
5925
8878
749
9870
1314
3396
3029
7713
4251
3617
4877
2614
3496
996
345
16
8922
1010
2113
2609
1322
7920
2194
4480
3687
6176
5639
5563
2817
5243
199
5821
244
3150
3385
3268
325
69
9760
5653
1848
4858
6447
344
6415
7083
5063
9909
7728
7005
932
755
6693
7079
3167
1926
4378
5747
5075
7990
1638
8508
4420
3338
1642
6988
4391
4123
7605
7149
9870
4642
1322
8852
6779
8394
577
5145
2160
7646
294
3581
8014
4264
4999
4184
950
2848
660
1424
9570
9685
3470
2855
3809
7073
6816
4165
5823
4119
833
7173
4975
5472
7399
8847
5050
9632
904
7649
9124
2806
8124
3513
2783
3574
8366
1347
445
8932
1567
4707
1994
20
5584
5734
8078
5853
4829
6987
6242
1958
9263
8823
6840
8027
2505
8747
8135
206
483
8979
5496
3360
8721
2605
5353
769
7508
1694
7397
2260
214
2979
2785
7756
2575
2398
3413
3809
4879
6678
2670
4727
8005
6745
4538
6101
9207
6929
9085
1994
8476
1282
7338
7901
194
3084
9393
9503
1403
6956
512
6042
439
2172
1511
8121
3434
3986
1576
5322
6011
177
5022
3523
5523
1769
6544
2875
5340
6568
303
3063
6168
7549
7168
7086
4619
1555
7430
4538
1824
839
6195
4440
8394
4791
4136
494
6676
6420
6749
7123
6989
8858
4866
736
4700
6306
6800
286
1830
7932
8863
220
1989
9112
4353
6294
4297
9530
5448
3857
3642
9357
4785
8689
9489
5969
7514
437
7976
6583
1244
5667
937
4079
5099
3470
7908
8129
9289
2485
7640
9664
1826
9315
573
2820
1169
8261
2029
8155
6166
7296
4505
4183
1057
6892
3254
3721
131
2779
1467
4344
4839
3400
6689
4527
9436
4060
259
3477
1887
5820
682
4996
3477
7617
4481
34
3931
2234
254
9863
2738
5564
7913
9593
6298
1834
8293
1413
7880
2637
3649
2004
5555
5935
7101
9924
3846
5567
1669
3487
8682
2590
9211
7725
1622
6134
7184
4820
5486
6523
9724
9256
7576
6960
2035
6670
9826
1656
1008
6636
2648
4458
607
1771
9351
6632
9234
6944
6446
6743
1035
5471
5136
4332
2971
3249
4190
5836
7757
9507
3185
5801
3701
6949
5047
350
5420
8514
6502
5164
9171
4571
8254
6514
106
9526
3442
2471
390
4678
4621
4122
6822
4573
3871
564
8157
9362
4107
9142
7916
8513
1319
4719
6554
2814
305
2591
6435
21
4782
716
3249
5534
1100
1025
7706
9555
4562
2618
336
7686
8470
5311
4022
622
7042
3078
3891
9431
745
5619
7220
8808
1642
9193
6760
4706
9505
8477
4762
271
1956
4897
359
6335
1684
3028
5019
3566
3010
4646
6583
8579
1051
6599
4395
1528
2699
950
2812
2681
6707
4452
1161
372
5904
2730
5850
260
5939
1894
7660
3069
7602
9701
4188
481
7370
2528
6217
2812
3657
4743
6224
3062
5053
702
5240
7446
5145
1290
3708
3298
6185
1476
8411
4444
8844
9216
6506
3801
9894
8038
9064
5846
9406
4672
614
2072
4219
9817
8539
5287
8991
2323
1342
6914
730
9362
1052
3542
4444
1572
3522
505
7953
9435
2987
8368
4274
9690
3320
3472
7305
5623
198
421
1976
4290
591
2555
2533
6719
5898
3911
743
3821
4353
9184
7238
9349
4470
8270
237
5416
8176
7418
2440
1060
3443
4642
6902
20
3492
9133
8898
7827
5399
4151
9891
9474
3037
3946
5162
6731
2396
534
3327
7174
1316
5852
1632
3495
2376
8333
3225
5464
7865
6452
5212
3591
2106
3199
6479
9790
1001
8759
39
6327
1130
7222
9568
8259
2331
5346
6144
5588
2187
8246
5937
1185
8113
8357
6329
1601
9966
8034
4251
8646
9251
3238
2196
7441
3159
1652
9570
5397
8894
3555
9791
6161
557
1373
3530
6848
9451
1888
9007
709
9114
5297
8551
5434
9309
7031
8150
3664
7004
8573
2964
1213
7668
2521
7199
782
3240
7043
1219
8117
2999
4256
6633
127
3815
6592
3252
8058
2052
9779
9197
3826
579
4814
3919
7114
3284
982
171
2753
1092
9299
7877
8622
6367
3289
7246
5704
1965
1250
9052
7296
6206
2636
3747
3858
611
4270
5500
9052
4935
9984
9199
9717
6303
7465
6628
7991
7024
9947
8169
8683
8944
1457
6904
7282
7479
5441
8872
9056
9584
1908
1530
4540
8640
2196
4849
552
4224
551
6800
3493
6028
6764
5119
3169
1376
1427
6224
4794
224
5209
1776
1059
9208
1960
3152
5066
6609
2960
3589
3518
2283
1266
3262
177
7772
9064
6887
874
6545
6125
5980
9887
3707
9363
3751
4772
8947
5490
6365
7485
1763
4418
3117
9661
2971
1508
6729
6487
2363
391
9408
7063
9590
1283
6806
9459
2642
4976
7600
9134
1845
9527
8769
5085
350
1043
1725
5286
9268
4619
4302
8784
5213
8931
9779
4694
7423
6879
8032
7709
6350
8088
4306
4244
5242
5863
8934
7320
3715
6959
3946
6647
9443
6371
6391
6282
1832
4787
7553
7619
1635
7067
6835
8347
92
4867
3520
602
7377
7823
2292
8931
2501
6583
8237
9189
9742
8144
5423
4471
6297
4412
6770
205
3939
4553
6240
2188
1068
2697
4134
9024
4523
394
7647
5192
5671
4549
119
7758
8613
3677
5995
4045
2711
3389
7627
9310
7827
9712
1133
8174
5486
1711
6459
9808
9362
3596
593
1680
2527
7367
3507
1156
7048
2987
3732
4931
2741
660
6655
7116
3265
1840
5985
9681
1683
9630
8481
9944
5040
4485
1146
2900
1161
3120
2312
4523
2689
2673
4359
8608
3876
32
5027
4979
5279
7619
8074
330
6751
9922
8255
3323
4712
9006
5616
2921
252
2303
9674
3479
8966
1116
2712
1955
5624
3005
2698
8183
8192
2791
6832
8027
4584
9183
3141
5599
4816
3234
591
9853
1630
4643
4143
350
8699
3479
8664
1398
4167
7935
8219
3958
1235
1497
68
1831
444
7315
2196
4978
4424
6655
7623
9087
5724
4298
2891
5003
6768
2194
9303
1390
9125
1801
3511
3059
1144
1967
6806
1205
2408
7854
854
2831
3342
6959
8991
9683
7781
2276
2929
1271
2317
3074
7141
827
7662
5654
9395
738
1467
5611
9276
3860
2737
8091
1010
8128
2319
6739
5261
1849
9583
3530
7249
1319
7297
1757
8455
1567
4027
9545
5924
1429
9284
9704
9991
7179
8452
2486
5418
5571
1496
3950
7705
1323
1876
9020
9474
855
4660
2268
6611
5574
2206
1244
86
7179
2004
2168
7129
6874
815
3562
2524
4476
6592
253
2586
6345
7451
2351
3194
8099
4648
8054
3062
363
7722
7628
7792
5479
966
1249
2082
1169
4417
2442
2203
8694
9353
9434
5054
9114
744
744
6433
9701
513
251
3413
7966
605
8549
4986
7168
3618
771
6105
4954
829
2684
685
7119
1799
6937
6973
2598
9680
938
9490
780
8379
5166
1681
5866
8550
2089
5689
9607
996
9449
9847
5251
8197
422
7446
4236
5573
9755
1197
3781
4698
5171
9914
9136
1356
3549
507
9250
9397
5556
1380
6835
3021
8852
7235
6436
9104
8286
2470
3634
1778
5004
5629
6031
1106
8539
6036
3558
714
4887
8488
4018
1203
2526
6506
4460
8310
9564
600
1712
8866
4278
3543
1294
9201
3363
1326
8025
2472
9549
4747
1052
650
2544
9529
1576
624
4994
4036
4620
1911
6169
9093
3203
4733
1040
3836
527
4848
1442
8986
8964
8145
5030
7382
1559
328
4558
5347
5121
466
2194
5350
625
8040
4032
2071
5140
9238
7378
5324
6172
9441
1645
9579
5526
6584
3708
2820
175
116
6905
416
8622
1716
5029
8432
2152
804
5341
4067
5001
3276
5033
4567
7561
2411
903
6517
6672
9743
3144
2417
8867
2829
7376
4610
2161
5134
2201
5871
6034
9541
7934
7026
8427
3206
9827
5610
9045
9730
142
5702
5595
9321
8967
8638
7496
4407
44
1815
8163
1888
7027
8791
7442
2026
2366
1313
717
2094
2956
6323
4538
9966
6413
6748
41
3263
6561
3507
3062
5606
7091
7062
6777
3180
2912
4463
7971
5595
4054
3495
6776
5879
6023
8381
8221
4581
7173
2633
7501
5603
1832
362
1637
599
6114
8176
6304
8487
1965
6425
8646
9544
2030
844
9921
1787
4607
7236
7557
9077
2810
8481
4367
7117
8298
7057
9110
7645
5130
305
3344
564
6143
3573
2829
551
8201
5529
6824
5891
9080
1010
3228
4721
8241
2974
4477
1743
5706
1015
8761
6393
9086
7159
2628
1507
5819
6300
2040
6276
2375
6323
3944
3337
9053
1447
8843
1733
7358
4673
8389
3817
2725
8616
2574
5723
8998
6110
5639
9458
8160
7942
9742
273
9829
9843
2466
5330
4074
2083
1112
4878
4972
892
6838
9335
4604
1352
4468
6477
170
6502
9921
4509
3879
9238
3387
6176
541
2979
7235
5308
4532
467
1900
7957
2390
7303
2433
8344
4003
6969
7883
2329
9553
4982
5263
7203
1314
9246
8376
3445
4165
701
5039
275
1101
3999
495
1623
6117
6894
6591
2336
3733
9590
7217
6512
530
668
973
3646
1124
6335
7702
751
2166
1777
6784
3057
7425
280
5363
8862
4488
1305
4943
1122
2695
3915
1620
9782
6738
5650
4730
6427
3601
1883
9175
4940
9013
1749
6087
8972
361
6147
840
8946
875
2631
7476
6407
2918
1317
7252
7414
3395
7840
3106
3117
8077
5645
8614
7882
7234
6295
4770
4453
7797
1471
1412
5235
6521
5073
3461
6671
6450
8516
1810
4937
5688
595
8928
1917
6162
2498
3840
6947
1572
9354
792
1565
6089
1918
8886
9091
3753
9192
3353
2552
9756
6772
1138
5678
2716
3339
7506
6932
6260
4285
4998
8633
358
2463
9101
7227
4183
4289
4095
9724
693
7812
7779
9435
9891
8099
3194
1783
1543
4673
135
8469
9350
732
6593
4772
4489
11
1201
5970
2000
5198
4752
824
9463
4158
9296
5607
8088
6086
1065
3034
8822
6296
5309
4665
4540
3723
213
2518
9793
2047
8151
66
3448
3361
9705
1343
1529
9240
6000
7752
4568
7847
1829
1504
158
3211
6513
7485
8380
9385
1239
7744
6475
3626
4448
8065
692
678
7847
5848
5040
9518
5681
2997
9434
4534
8067
7017
7476
9510
8904
4708
5905
6306
4819
6052
7939
6129
5707
2954
6516
9070
8963
1881
5545
325
4739
5026
3750
5350
1134
6886
2207
5696
2263
6046
2207
2778
498
3495
2136
7206
8251
7109
1484
3712
7128
5370
3754
8337
352
9127
9908
382
4672
123
6891
3599
7542
2362
6041
6376
9235
5507
6744
3866
7070
8572
6431
4858
4055
4831
7003
4475
4883
5278
399
8997
3088
3896
9786
5555
9523
1804
350
7214
1684
9213
6545
8960
9068
1944
5730
919
7342
898
8565
8083
2025
1615
8310
526
6370
8973
9916
5047
7838
7309
5556
5777
8192
863
4746
4385
5273
316
3640
2429
4267
8456
7562
3235
2693
1350
2902
5775
2189
5728
887
8912
5004
2352
7400
1572
6552
5843
9405
957
8490
8355
1465
9168
1367
2601
720
6214
3112
4918
4119
4664
7624
1778
5898
2188
9903
6826
305
2209
2893
263
3949
122
3261
7023
832
988
4277
6032
4059
2635
609
1055
7804
959
6689
3658
8676
7350
8186
3696
7368
9360
2227
9894
5869
4949
987
2277
5024
2338
7360
1197
8533
9312
8415
4558
529
6432
8541
1127
1278
8403
2275
5452
4286
4972
5512
950
3187
3791
2007
4383
4721
6306
430
6004
2066
8429
7669
417
4274
7228
8599
8110
3779
4980
4012
8403
3072
8864
1359
8225
1321
9071
6454
266
4778
3065
2046
7343
2193
8366
9749
8808
5932
9883
8452
4465
4035
9391
6289
6935
8188
9686
3730
2742
1375
3299
891
6988
827
1863
1199
6896
9133
4326
7684
1158
3190
1332
7749
621
7004
2571
586
8512
5168
801
3298
4999
3291
3492
7398
5638
1133
4283
5040
3163
5689
1881
350
5378
3251
9837
7554
7053
7856
3896
1692
4819
7337
3477
6155
4095
2738
1940
83
7089
7157
925
6355
5259
7384
7852
5508
3475
7920
4006
9019
7791
2874
8380
6876
5797
2906
8764
4409
9343
4861
2658
848
5792
6109
8805
5754
1030
744
4641
4704
6063
2760
9348
585
429
98
2887
5849
6700
8845
4000
9890
4284
370
2178
4067
7675
3086
4362
2902
7176
5262
7424
5280
2682
7186
1442
1131
1272
579
7808
3374
3165
6586
3071
6346
5886
5196
8795
1232
2828
6075
2035
4233
628
7892
5266
395
4921
5902
1192
7335
7586
8574
7100
5789
8491
300
498
3950
2900
6390
8911
4355
6298
8550
2405
4407
8991
379
2740
555
3530
4271
1284
2988
8987
7468
9000
7260
5673
5389
9761
296
4005
2492
6311
4767
5488
7683
5103
2710
5532
7146
9749
2679
3236
8555
4311
8954
9884
7444
7463
5780
3292
1052
6149
1092
6336
2927
44
8961
5902
5127
8782
8202
352
2272
1683
9759
9574
8242
3640
2962
4297
7351
9287
285
4076
6913
7209
8329
7691
8526
341
8786
7263
7366
8681
4167
5287
8141
9957
3450
3371
8368
6720
4473
9056
4844
4729
646
901
2138
3573
2544
1257
8512
9645
5915
3243
1199
1811
9210
3551
9813
5601
5252
8433
6013
4476
2099
1955
4470
9845
6792
565
3866
7298
4074
3763
638
5858
2741
1186
3153
9338
5003
3225
9742
5797
9639
4875
1149
5969
3966
1364
3234
1848
9075
239
7274
9693
2593
7048
3814
9744
159
102
2753
146
9054
9356
8262
7138
6811
6684
5839
9186
6704
9655
4556
2571
728
8265
9949
6852
6134
7888
8798
96
7847
977
47
854
8933
9105
7582
5457
495
8560
6023
1468
8133
4154
8808
2686
8011
1798
4384
5774
2651
323
5572
464
6030
8313
1234
2597
9608
9127
3921
8089
5112
5316
4302
4269
1545
2490
3017
2007
5188
5170
9616
3769
9532
5295
9458
7137
1900
4892
8155
6969
4024
7258
7419
5404
9616
8873
9336
1602
1922
2316
7225
2245
7341
1678
9273
6136
8010
4500
9116
2834
9371
435
7635
8397
982
6814
6945
194
2841
5774
8858
7495
2470
3353
1525
730
9219
7791
3377
5136
9346
4243
6319
51
1256
6594
8334
2750
1920
5366
9419
1371
6880
1804
5059
8846
4022
8419
9866
5032
3874
8396
5085
2699
7868
759
6873
1631
5979
9780
6849
4206
9335
7071
4525
1289
3676
1057
5293
9152
3156
4062
5924
5544
3859
5960
2791
7369
2092
3897
7627
2595
7707
7667
4226
5790
8011
7373
749
151
227
9941
164
7174
4894
2596
5260
2526
7552
1508
899
336
5387
9868
3509
5996
6692
2963
4937
5849
4000
982
2991
6796
6643
9173
6440
7911
2730
1631
9861
6452
659
6344
6426
33
3552
4376
4978
5139
2320
8844
6674
2318
4947
3371
6474
958
6039
7769
5879
3413
7986
5724
4375
3501
1232
5986
1703
1439
8083
8628
7973
7538
4220
3899
6002
4109
7394
9832
3607
6736
6759
4062
5050
141
5041
628
756
6599
7640
8345
2656
7765
6073
9193
8803
1883
528
7559
1020
763
8192
1849
8146
5967
1017
4726
5071
1150
6124
6717
2911
8928
8797
108
9178
8757
7004
9871
3763
2414
8670
4358
7586
7138
5139
851
8933
4077
1369
3250
5965
8875
1404
3814
2731
5695
4217
5942
8618
9255
2424
8646
1047
7844
3187
6375
1753
1559
6650
4197
3879
6080
4573
2104
4176
2958
135
7910
194
8206
210
2331
9477
103
3764
4005
4929
4579
4518
1816
2595
6912
9296
4129
8531
6484
6404
6720
7636
6844
5149
2612
7381
4798
8730
7548
1728
9990
2224
501
754
4183
2285
326
6680
9288
7720
7471
4727
832
6099
4574
1167
2494
5177
1424
6532
9984
3076
7394
625
9100
6114
9420
2486
727
5528
5814
5321
532
4142
8086
4097
3859
1161
201
7333
6250
5024
640
902
4223
9433
6770
3432
5611
5892
1519
4320
9343
3662
3504
3346
1864
2106
3056
8766
68
5724
5969
8615
7436
6639
4812
9319
2247
7454
1347
3308
191
4504
6324
5588
151
2027
6334
4436
4559
6312
5858
7667
7980
5863
9977
388
1975
2819
3644
5376
5527
5262
8425
3522
1271
4049
6269
5619
3619
8203
3447
4413
9004
1082
7628
8597
8403
1874
8881
5670
2858
1398
9367
3203
2991
2057
3950
9437
6246
8651
9383
1580
1547
9048
5283
3989
7073
6034
2786
5626
8400
3771
1461
7927
7889
153
8012
640
449
3516
5943
1931
9643
2729
1334
7019
978
869
1086
49
2290
1553
8771
3206
4277
7142
4404
3706
3116
5324
5709
8402
1794
836
1782
3263
2894
9518
8725
4293
2031
1005
4481
8690
9540
8051
5245
3919
5140
3605
8065
490
6971
8857
5717
4888
2676
475
977
8321
1868
2166
1111
8844
4662
6152
1031
802
3136
7348
4168
1752
2216
2796
8248
8556
8519
6408
6952
6480
2717
6802
7235
2567
8833
4252
405
1443
4415
8622
1311
398
2855
9099
1109
6549
828
2203
9850
3976
5879
6375
6142
7525
4483
1147
4446
5180
4665
4931
577
1607
239
7672
7976
6297
2983
2425
2010
9401
9353
1800
2038
1792
49
1911
7205
4552
5239
7655
7835
8187
7363
1970
2680
9740
4983
9061
1236
595
5412
8681
3210
1670
3613
6050
7482
8089
1108
6320
5139
8607
1415
8588
1591
2657
3428
6990
3529
1708
2890
939
7186
668
7908
8615
4083
3389
1047
2702
5937
6203
8439
4940
8413
5168
2488
1421
1870
1992
5680
2672
9415
5570
5624
3462
8415
8953
8138
7602
8374
1900
2488
8351
4824
1378
480
2475
3693
8110
7287
4332
4080
1217
8395
1984
966
9206
3865
9014
9344
2710
4672
833
6049
9054
7672
5539
7487
9258
3852
462
8360
6895
5057
5500
2313
1726
3522
8944
4148
5633
9600
4608
9918
8184
9518
9812
2391
3705
6569
4595
6166
9419
3632
4793
4854
5130
6829
3456
540
1506
9124
6217
9275
4583
9760
2018
506
8001
1194
5088
96
8479
8481
8700
7319
5932
917
5007
5256
7993
2487
8244
8931
6547
9284
7345
2806
6003
3004
3159
9410
5783
2938
1272
7231
9830
3490
8935
8427
3699
6242
8759
7948
1131
8807
13
1213
8268
2709
3350
5258
3519
1864
3710
8253
9363
2293
9323
6916
1212
7438
3359
6090
2067
1424
2995
1248
9850
8948
1454
4009
5066
9941
500
28
7809
3027
8638
8250
1105
319
3646
3021
4055
7242
7907
9052
8438
1886
4652
2116
3141
9705
4854
9624
1778
6855
1474
5215
8092
2891
7756
5833
2761
2942
4366
7362
4583
1784
4660
1321
6906
2448
2223
5367
9826
242
9076
8841
5180
5804
8680
5550
7833
5432
1094
53
6547
6239
3646
9160
7323
8625
2119
8995
9588
2411
1346
3136
6220
7603
3061
2119
3592
4623
3774
30
6130
1855
1496
5923
4005
4043
877
4123
5251
9479
6549
5596
1758
2972
5220
6073
2477
3367
5967
6334
3673
3104
9528
1389
8482
5936
2918
6497
4812
8942
4431
4850
2103
1285
1360
9471
7526
2160
1536
3650
2290
6590
8212
5348
8230
1418
6948
9615
2879
8712
7552
3172
2054
6603
3858
4910
5595
2331
8723
597
1447
5018
4647
2833
4888
7585
3244
532
1063
7050
1072
8371
1165
4129
6221
5266
3265
4142
6508
8141
4867
3369
5190
2896
2085
7471
9134
7955
5706
819
1071
367
6261
7882
8006
8258
612
4160
1399
2054
6779
752
3436
8037
8246
3832
8641
2952
1702
3352
6520
9148
4489
1517
5053
8225
6135
3704
7126
3837
4119
1293
1552
2630
2499
6374
2871
8353
4938
1567
3330
9328
5020
4061
2631
8886
2322
2843
9709
5632
748
6927
396
9070
6061
5867
7319
6849
4949
838
4947
780
7308
6419
6993
9763
2625
4872
1626
8335
8852
4868
1793
6197
8234
9031
7258
9952
4265
5701
738
3198
627
5951
1115
5500
1513
171
5959
7386
2806
7120
801
7641
2549
3323
9060
9882
