5772
2065
560
2322
4717
2725
7302
6867
9773
7455
7954
8227
4195
9735
336
4016
7616
4459
3479
9781
2159
7085
1222
2222
2012
1608
3924
6986
1214
2602
9730
7524
6652
8488
3792
1946
8187
3573
4451
5421
7012
5726
4825
7816
9617
2161
2675
9925
5892
5490
7977
8904
3644
7209
2094
6869
6335
2892
9761
1523
4016
7872
4429
6726
7207
7274
290
2204
1227
8507
952
9369
3220
5957
7786
5273
4674
1359
7871
6382
638
9208
71
1204
9672
7588
4756
793
3056
6651
1014
1784
162
1936
9859
5066
3723
9900
8292
4912
1160
3091
8846
8624
8418
8413
7899
6062
7741
9675
2513
7663
2430
7357
6442
2109
3178
9651
4148
5300
4056
188
6178
8780
4619
8292
8910
5404
3536
7009
4615
2228
8877
944
3405
4948
2540
1619
1082
2896
5229
4083
1634
792
8782
3457
2373
519
7331
8723
2080
468
80
5469
1227
5905
9752
4485
4782
2861
4570
230
395
6503
2667
8675
2737
4651
5714
379
8976
1680
8757
6764
2823
9798
1952
2158
3150
7755
6355
1936
3820
129
1789
8912
4638
7601
3227
6455
7863
4090
8511
5420
4569
4664
2639
5122
4225
5788
436
7120
9317
4297
6821
2178
7516
9270
5835
6227
1904
7207
4994
866
1934
9677
7795
9738
7778
3622
6468
9713
7687
8220
201
9176
9818
3305
5194
1904
2305
6300
1913
5162
7728
9016
6060
3470
3378
6115
1288
9486
7880
4
2701
7426
779
6198
6934
9704
3461
4163
4702
8348
204
254
5360
5036
2739
5184
8077
5773
845
6457
641
494
2371
8036
1303
2190
330
6856
3911
8332
5331
9881
4129
5413
1456
5989
2721
553
7832
158
8323
8695
460
9343
2293
5786
7806
9772
2704
1761
834
1678
5677
7408
9311
7761
1381
4220
2170
1154
1367
2922
7265
2501
5225
6934
8931
7909
5574
854
1755
1931
4198
5056
1676
1537
8804
2194
9152
6046
9426
773
7262
388
1936
865
8372
230
6915
2971
5747
4133
570
3669
5943
5992
1703
6528
5310
7014
2141
6015
7339
7296
8024
6329
1866
6490
8865
9251
5125
8872
3654
3933
1010
6692
3767
8470
4661
8250
3092
4075
7625
973
3098
4859
2742
9922
7695
4561
5879
582
8823
5669
666
889
4869
1440
9197
7230
6341
4316
9471
7138
5941
714
8517
6254
1811
2456
1377
5088
8009
6170
5587
5429
1177
7620
2330
9381
4356
2303
2052
7806
1632
1672
9746
8859
8281
1129
3487
576
6288
9495
5429
2073
2931
4160
106
9895
6985
8960
2607
4419
1055
8842
5796
7093
7582
962
1490
4865
7974
4005
9971
9912
3682
6830
5288
9624
6688
8184
5402
1240
3614
4033
9886
7998
3021
2986
369
51
442
5127
2810
4524
2184
4280
942
675
2030
9050
4336
9622
4920
2495
4680
7911
9172
1505
8913
5247
7901
494
2815
3529
5755
3853
5478
5830
6716
19
8627
2437
9656
7679
4063
4202
9558
1720
9012
9215
508
7184
2887
2045
1497
7580
3094
7384
7836
4463
4889
5222
2119
7640
1264
3540
530
6724
9120
3872
9883
4713
4294
1350
3973
9275
189
8647
1168
7197
4531
6082
5688
8729
9240
5760
826
1891
5504
2551
5141
3428
1444
9714
3831
4890
585
3749
7774
782
2089
9410
7038
7815
4679
2012
4340
1206
5872
6435
4104
699
4783
7258
8617
2177
6814
4174
5758
4236
1520
7908
2054
1575
4854
6982
2395
9202
4051
3484
7701
4267
1035
3962
833
1418
7517
7015
9695
3789
42
992
2574
8235
6093
5012
3227
5242
7117
3251
8831
7713
5487
1086
4925
4332
8419
8027
4827
8013
2122
9723
594
5031
6556
5474
1390
7224
3280
2381
728
6991
4389
6339
3657
4153
2391
6871
2250
6292
7572
987
2960
8046
4007
6558
2032
1304
9521
7776
7625
9422
3115
3552
7027
4489
4366
4682
6452
8857
5662
3537
9361
4243
6128
6479
9487
4892
3460
5250
8185
8275
2911
3687
6200
8837
8342
7773
6770
4168
3603
4234
7684
9253
4947
9266
4198
3332
4952
6493
3651
7691
2387
591
7691
5097
4728
736
6335
4573
7603
8200
6275
3463
8539
7168
9031
5314
7778
6714
3054
3049
1737
4930
3659
4052
8766
7775
240
2855
2853
7991
2026
3567
1650
9548
5990
7620
6469
4654
183
3367
77
6675
8221
5044
7841
205
5282
9025
2239
187
7068
1277
696
8132
6958
1234
9818
8263
3488
6427
6974
4632
2128
2577
5148
1368
3294
703
3712
4599
8174
247
4234
7254
2694
9620
5948
1774
3302
6703
9676
1871
5411
5663
5464
513
2680
2572
9283
9130
7138
8613
9306
4854
8730
3022
9385
6980
9680
179
4971
9147
8970
5824
6139
6801
2466
6170
7853
6629
5546
7580
5676
2577
8582
7833
6774
445
4717
9345
2512
7847
7609
1561
1801
3413
4358
5923
3618
9716
2395
2302
9612
4692
1855
1764
3499
8167
6892
3636
128
3925
4023
4221
4596
6589
1029
6479
802
1019
7841
1005
779
8350
4312
4490
8690
6551
7312
7239
8319
5139
2397
618
9088
4715
7949
6630
2516
9097
5746
694
3553
3958
6077
5062
8446
5050
6184
7727
9375
1702
926
7209
2479
216
8640
9544
4451
2355
4931
3972
1657
5178
5445
2932
5845
4026
5148
4721
9898
9888
4551
3174
9595
479
348
5396
8458
1079
4223
2863
6587
2405
8068
6161
9014
645
6361
7385
1237
1012
3405
8293
158
3501
9240
4556
5827
4699
1774
2803
156
315
8676
6859
6007
8208
435
5192
1866
308
4029
192
765
1048
8618
5570
6504
8567
5635
111
7229
5616
7951
2816
3319
1827
7922
7118
7505
4824
5881
8390
7982
5336
3510
6197
3614
4421
8197
8648
6736
421
7471
2773
5201
8272
1206
4465
614
4962
4230
2438
9973
4850
8309
7654
7142
7426
569
1072
408
3516
9956
9739
3216
2740
4605
4348
4733
5468
5470
7122
8869
1822
3772
7246
5688
3257
1005
3664
3826
9326
2793
7525
5932
3530
2907
9633
5681
3083
7334
9691
935
8730
2053
8268
8307
4209
1452
7559
118
126
950
9633
8758
6812
2643
1515
1783
9069
5293
7620
8475
7586
2241
6690
2743
914
3632
6456
3920
1626
2423
2900
4394
7652
7863
8815
8691
2067
9971
5323
5540
4736
3715
1752
640
1363
8842
2529
3067
7005
3991
2499
2115
1865
6563
4264
8280
4168
1659
9996
2385
1436
2804
7876
2528
8681
5631
2922
1464
1212
2908
5511
8014
641
580
2908
9123
285
1420
278
7902
6353
8185
6034
8393
9428
2901
3489
7513
7938
3558
7962
9493
1398
4914
8541
1664
3638
3827
2160
5141
377
1606
2969
4831
1141
8689
6872
4137
2959
8646
5631
6040
9867
7221
5475
7565
7900
7243
9150
3723
5575
4092
4635
1854
5869
3085
2813
5145
3713
8912
6732
9547
2085
7766
6011
2999
1469
9603
5036
9021
4207
937
3164
538
5414
7409
6740
4555
3899
1215
258
64
7479
1279
6144
9684
8125
9725
1462
9979
7318
7956
4988
3699
6950
838
7916
8071
441
6103
9957
9191
5861
2871
7559
1519
1983
2939
5801
8109
5991
9925
9578
5746
7923
7909
7890
1606
1636
3087
5285
9631
6378
2276
8973
5900
5752
3407
7600
7688
931
2271
5980
8844
5668
1449
87
5850
1801
4648
1331
3252
8441
3521
5990
9554
8433
6595
8061
5095
135
2224
9636
8546
9704
983
5345
8766
3757
8016
8928
2577
5423
9483
4201
9642
9393
5724
1987
6837
4578
7094
8002
3721
198
491
5720
6044
4999
7160
1063
7333
4849
7870
9997
9495
9947
9716
1129
5131
6602
9014
7865
3120
5997
8512
2518
8546
8972
9778
3837
1002
8958
6120
7500
8550
3764
3902
2426
9668
9273
5875
9579
9236
1035
110
8545
23
1481
8046
8669
497
519
2467
7224
4855
6415
6415
7392
2540
7060
8675
7246
8863
7643
8335
739
4481
4097
5770
7459
892
3691
7849
5436
810
9210
34
2949
9509
9311
8162
3908
5650
4635
6165
5160
6396
1839
2390
3959
3558
7902
6683
9727
407
9614
8643
7179
2010
8086
2675
693
7332
8117
7572
2211
5035
9891
6140
1269
943
1495
2700
7995
5984
4207
6112
9091
5964
3585
9281
6517
7913
5338
4225
605
3391
6335
9743
9526
7835
6256
4456
9329
8991
3982
8868
6955
8184
2275
6597
5181
2665
6565
4486
6450
3804
2037
6594
3757
2668
4935
4137
8637
1880
2232
9873
2531
5065
8705
662
5878
976
4506
5387
3473
7360
9222
1197
1101
806
5564
1378
2290
1923
6299
1158
8145
5519
2863
1016
7684
187
7367
9537
3655
2756
2220
1349
9546
9538
3974
177
5343
7305
5072
8920
1758
3618
3934
8664
7350
4349
1654
9541
9406
9664
3223
867
6773
8006
6638
5742
2212
143
6906
2551
5009
6553
2242
7507
2852
4332
2365
3321
8695
8126
5620
9985
7554
2929
2197
7206
157
3567
6642
798
3814
6562
74
9376
6109
1182
1819
4896
1935
4619
8943
8775
5444
9917
4522
3808
6262
409
7398
4165
9314
968
2812
4133
7006
5705
4679
8917
2964
6380
4753
5197
9826
9795
5168
3945
5372
8976
5724
8862
2276
6758
4492
1809
4550
6661
7244
3040
1989
3105
7081
2625
3903
7157
4914
3763
5394
8239
9042
956
7397
7188
7056
2505
8353
7979
2140
670
3766
6959
1157
1177
4495
706
295
9494
3911
6462
8291
6510
1444
8940
5944
7526
4893
6984
8459
1383
9293
4947
3011
9926
2721
4200
2526
428
484
5543
8297
4771
374
6896
7028
887
1886
9397
8164
1723
2523
2228
8409
2257
7152
551
1377
1260
4784
5346
9612
7407
5359
2005
1079
6773
5390
6875
2701
220
384
8323
3904
94
2046
681
6311
8875
1101
6262
8483
5094
4317
7842
3579
4467
5929
7254
6133
9628
1104
4468
6652
3626
1322
7299
1588
3151
7950
7353
4078
2540
2220
6322
2404
8246
6107
7505
8632
8838
1166
7015
3162
8771
3306
5374
2379
9812
6056
7780
2503
3836
148
346
6827
4641
5112
8601
4842
1899
9129
5123
9128
5866
163
6724
2733
3114
7656
5558
7829
8958
4653
2537
7969
4377
1779
1135
4805
9789
1327
3203
6340
6795
7294
8070
7147
7363
2925
8569
3905
7847
9226
1544
6075
553
807
8513
328
1540
4928
1868
6727
8168
6276
4572
1237
2821
1635
6977
4820
3566
2625
6858
157
4298
4975
5165
8027
4931
4880
1569
282
8458
7990
903
4378
6660
4230
1865
3370
6590
9520
9471
934
8189
5094
4566
3388
2045
8981
7598
7349
7294
7151
749
7497
9570
4999
806
3876
5369
6055
5679
2433
8965
8864
9914
6087
3416
1114
7449
8509
6393
8651
4099
1346
9459
3832
7368
6916
9966
8695
4015
8609
8680
809
5147
7717
3726
8468
4552
2693
725
1893
6531
4801
9122
3374
4972
6962
5964
3032
9723
7157
9750
699
8229
4791
3626
5295
9412
8072
2204
2382
1652
6208
185
54
3697
3362
2249
3871
4225
4560
3061
3823
8148
3830
7560
6369
8075
477
6688
1502
6457
8089
199
3648
3718
5293
6546
8282
7462
868
6959
5270
260
7257
1515
8710
8690
3898
8651
9841
9486
9571
5913
3758
4924
5895
3997
4634
4360
2639
9463
9970
386
553
1226
8848
1119
994
4749
8732
8393
989
5288
1302
7339
1647
7506
1867
2059
7287
1318
1934
8280
1613
8422
6860
5182
5037
3305
5605
6675
6994
6348
8437
5297
1672
7806
8008
9610
7360
7407
6385
3873
1954
8383
1176
8112
1513
6602
1935
7317
3349
1056
1370
1570
6452
5775
8677
3023
5519
721
1296
1828
1011
2172
4819
5031
6129
1048
9729
7567
2462
3376
1598
7284
5784
7131
8891
996
3546
7558
7942
9869
6882
7656
8932
3072
7628
4513
2662
6516
183
6900
7434
5487
4993
8049
9896
2478
7788
9587
9770
3138
1107
575
6077
3699
3957
3698
769
3180
1596
1727
7368
2174
7793
7029
9743
5237
5145
4665
9687
233
2583
8180
6040
6947
2255
5603
6588
1144
2128
4203
821
3281
5550
9921
8994
9814
7223
8786
7037
21
270
1024
6446
2931
4398
3488
2899
5186
7169
920
6661
5096
5738
5075
8835
9771
8504
6497
5800
2369
3499
2622
9171
4838
9528
879
3553
132
4388
8962
3942
3410
8372
6507
8908
4791
8150
3494
5741
4908
3909
4813
8024
3256
3922
8828
7017
86
3746
2105
843
1306
7748
1195
2585
5564
5151
4916
8161
9976
500
3169
9321
8644
3374
3643
4345
3110
7204
4959
7426
3750
5970
1381
6893
9435
5037
1719
3032
3392
4148
3623
2282
3729
1805
7655
1130
1930
9957
3296
4583
2729
7869
6048
4393
518
5082
5844
730
4845
5690
2821
4727
4316
7713
137
1072
5797
5518
9150
5888
2201
8924
1822
9764
4622
6274
5851
4564
6313
3125
882
848
3621
7136
8281
6444
896
1801
3344
6600
1785
7159
545
8056
9665
2019
7623
5858
9224
9451
3831
9915
7089
1034
7013
987
2956
6066
1457
2703
6550
27
771
6075
545
2273
2175
9323
2872
5932
599
8670
7194
8627
8994
8804
814
6587
655
7288
3575
8646
9129
5091
2820
2978
8955
9090
764
5539
8301
7069
2994
1181
1026
1524
8910
896
5253
1052
7415
3649
7485
7241
2806
4986
5840
5083
630
8251
8415
2457
2999
3389
398
1830
6153
3614
1662
1471
9521
1241
5080
2740
6649
926
9363
7773
9173
8550
2901
1655
6654
2484
9106
8742
650
8688
8194
2271
3430
7865
7978
3023
3482
2793
8278
9261
1470
4554
3656
5405
9337
6727
4205
658
9177
7918
3027
6058
5596
5049
3358
9606
3982
4306
6733
7931
2643
5779
8430
3814
8294
3285
2241
582
7025
6145
1443
559
9099
945
7801
6224
2611
1801
7453
8107
842
8968
358
5066
8958
7446
1714
5591
9034
7897
9921
1692
6922
7819
3795
9331
1331
7326
8900
2011
480
1606
5999
9466
2024
7876
6403
5737
3187
9247
9917
8589
9352
6241
1340
5707
5439
7256
6043
7769
3774
9557
3041
336
8254
2553
9657
1006
3623
900
3821
2734
7839
4929
6110
5297
9461
4201
5984
2023
5611
3923
730
4178
7621
2529
6376
1961
6243
1270
1065
5911
3884
9464
1847
7852
8181
1435
5432
5156
1497
5386
2797
9451
54
3247
4852
535
641
5300
2582
5121
1575
3664
26
6183
5275
1235
4748
8145
6494
5742
3895
6137
5589
1970
6795
679
8241
6318
1616
4151
709
3876
5507
2586
4259
6475
9041
3118
1709
1274
359
3839
5546
702
7786
8049
7316
8876
52
7760
2625
6866
916
4929
3311
2652
7842
8575
8898
4687
11
1409
2090
5209
5701
3252
740
4946
1783
9142
1534
3963
499
5357
7536
5540
7504
21
8553
6306
3781
1584
4891
2861
9032
4378
6331
1446
4431
7539
4459
2014
2623
9375
2542
1851
2222
5781
5474
3639
6159
3931
5703
9125
5320
6526
2080
9477
6113
868
5646
4092
6466
9357
2713
6300
85
6554
329
8874
989
203
836
3721
3420
1765
7257
4485
3244
4051
8663
7975
7823
4406
5325
7580
8614
1133
1556
906
7528
5424
4986
8970
4138
8758
1536
303
8226
673
213
1805
1356
543
2409
1651
9718
4616
2167
8105
6982
1466
259
8142
8062
1977
5144
1361
1273
4001
8693
1955
5354
3307
7966
9725
4558
7694
1530
3049
2224
5359
4454
1026
5610
2440
7135
9570
8021
6600
9907
1078
1915
4637
8709
6915
7723
8066
6815
7482
4511
8076
3065
8284
7874
6446
3949
6300
1693
2385
9932
7633
9024
9132
483
8245
265
389
7853
9707
7785
713
2784
7871
5353
1496
6846
7409
6173
3531
9581
3579
8573
1681
4642
560
6912
7294
7620
5703
9918
2523
9428
8429
3482
1561
5432
1592
1929
5532
2799
7455
3572
4886
407
6558
9643
3094
7717
4944
1010
223
2210
1081
273
5269
1683
1212
1218
8147
2857
1086
2103
4181
3756
1906
9856
3149
3406
8702
5205
3290
8781
4654
349
3318
2619
3267
7682
7743
6217
50
8758
7338
3513
4443
1172
8965
1571
2104
138
9091
8944
2862
1184
7246
2922
9800
3744
6916
4850
3425
9820
4705
8490
2986
9988
6646
7343
8196
8539
7006
2151
5124
7849
9816
160
8022
6073
9809
1301
5985
8786
5052
2120
8327
4919
3810
9841
8449
6841
5822
3878
9398
1573
2400
9722
8849
6684
8044
6159
4471
6566
5081
3439
9009
4446
3308
9425
3262
1292
8997
7292
3390
2674
3341
1546
3156
6947
9961
7596
8258
7713
7575
1838
5726
4947
5698
3842
9406
3036
2435
4990
9884
9923
7447
1988
412
1327
9587
2152
6832
2050
8201
2785
6846
402
1930
769
6158
8096
1000
8484
3732
5042
2560
5508
7532
4784
705
9083
187
9240
4222
1388
9045
6263
3823
6557
7956
9840
7161
1835
2990
9757
3097
9155
7742
1171
3552
7185
2927
3878
3507
8184
6945
4212
7585
2726
5515
7425
8307
2300
6101
6066
9327
1023
1319
548
177
4630
6383
4131
3430
8861
1724
6330
247
3642
3116
6715
4154
6722
5398
4603
4265
5803
9127
4345
9998
397
7516
4198
2822
9494
647
6419
7307
320
935
8668
1631
1775
2508
8614
9349
1866
3298
262
23
6418
7607
3820
2933
6875
886
7233
9459
2463
5910
1108
1569
1642
6069
3233
8215
7180
8009
8531
8433
7558
8521
3596
9184
9486
4525
8475
7387
7836
5113
9662
3220
662
9400
5986
3035
8540
3169
4019
4420
4702
8995
5440
130
1451
887
5445
145
2139
7023
721
5986
3367
6433
182
9255
2319
9732
3354
6934
7977
5116
4049
6458
9147
9633
6534
3777
5677
3559
8912
2215
7835
1532
5923
3137
697
9534
6089
5060
5708
742
4399
6239
1023
266
580
7395
4837
550
6845
259
958
4510
8804
5610
2085
6326
7766
9458
5023
6817
3344
2310
4968
8464
8127
767
4555
7233
8364
349
9961
885
1268
8474
999
8485
4440
6649
2925
6006
5757
2649
6124
2718
254
2926
3848
8668
8203
4274
3796
5184
4828
9764
4066
6239
493
791
9556
6476
3476
6016
3767
3260
3534
6348
6259
2798
708
1286
3411
7501
619
3046
3244
7065
4479
6076
66
63
3527
6003
6294
4751
5531
8651
5609
4269
9507
7425
1474
2064
9664
6354
2733
4546
9130
2639
4433
1434
5633
2504
7623
9812
1096
2571
25
755
4189
2030
1767
523
7943
5867
3318
1878
9039
8867
3602
976
3390
4679
695
8428
7014
4404
3355
2494
3719
2748
9922
1880
5182
2396
9456
178
5604
2560
5614
6172
4612
3572
7671
8932
5975
5937
1729
8720
854
1723
2265
4456
6525
1040
5412
5634
7345
6840
7892
7298
2417
4448
8723
5784
4150
3241
4795
5311
9226
1185
5706
4881
277
4639
2836
2213
9213
2298
6471
2166
9841
1299
2194
6444
8044
6340
2531
1340
8030
9696
4621
2002
9624
9264
4890
2572
2028
1500
4410
9670
4894
1088
1053
6932
9716
9181
8950
2632
2392
3490
5828
9439
389
8263
8266
6287
4693
8023
9234
3464
1565
2661
4041
8222
1414
4327
44
4546
3906
8165
232
3554
9724
8476
6074
4238
6223
2726
8264
7020
1358
1617
3099
2936
5156
9838
6350
6527
800
6616
2421
7867
7821
7940
7755
7212
7555
2305
9200
1481
596
3379
7234
1382
731
6604
2331
6093
9455
9048
3763
3188
1272
8348
5631
2236
3253
9419
5054
9596
9100
5993
4054
2073
6212
4119
5741
8127
4161
6225
9201
8447
3761
4555
157
2336
9540
1439
2555
7736
3543
9213
4417
7866
1764
833
1523
3912
7438
6625
8235
6788
9642
6853
6217
2380
7328
1531
281
2439
2370
6123
1361
6207
6896
6981
7742
7566
5634
5477
2076
5956
2157
3917
3495
6114
9873
8570
2238
3151
2779
6091
3028
5980
8269
1320
5802
7870
3378
7419
6113
7166
3738
3398
3858
4837
2565
2605
1658
96
1707
6268
1031
2887
9543
7570
5460
9487
3684
9484
6543
4528
5817
2390
4466
376
2409
4049
1966
1584
4075
1110
7973
890
9949
2384
4290
7748
1979
8549
4531
575
3567
1550
9131
8177
5617
6468
9292
8162
6785
9263
1396
7143
1940
3917
8504
2932
4059
1080
9901
4021
7224
2971
2913
3854
4235
8507
3886
8291
7169
6197
4871
1788
9556
3121
1106
3280
786
5879
2996
3430
7647
3546
6620
9041
3196
9314
1688
2963
3367
8210
2689
7647
3633
557
2235
3641
3692
2261
9123
2984
5455
533
2860
2758
4104
9595
8998
8088
819
177
8234
3544
8530
238
126
1699
2173
4064
5818
4105
1824
1933
9359
1126
473
5651
2008
7640
8501
9706
6191
4043
3030
1467
7800
4745
1199
3765
6191
7616
4335
7819
3983
9417
9168
4726
2188
2157
6444
8499
9924
9154
3004
8904
6908
8039
5789
1771
6805
3592
3938
6632
6284
6279
3441
5513
5257
5495
6355
570
8539
9680
221
5300
3804
8439
1122
1173
2698
9988
5021
836
5305
6888
2441
5943
5050
486
4974
1915
7905
8286
1330
8695
9312
3885
3591
421
6937
3282
7722
1060
351
5339
2100
9995
3070
8636
4792
2062
3006
3476
8537
5466
62
9324
3496
500
1249
1343
7409
2848
4614
465
186
3095
8869
5972
9164
6088
352
4158
7963
4232
1405
862
4557
1661
7475
5008
8991
3910
1029
2324
2841
371
6364
5084
1098
3065
1328
9346
2511
3768
7561
6074
2437
40
2520
8327
4146
9142
5879
8420
1392
8689
7917
6699
9714
6289
3946
2208
4784
4977
713
5956
9959
9443
1768
3307
6725
4740
6355
2600
7926
5985
8615
3076
3704
4618
3048
8404
5365
9984
2050
7590
9121
4565
5164
1223
7431
5032
2453
9482
7776
2214
7056
844
24
301
8917
9113
7666
2696
3496
8451
2963
1907
1570
3983
2316
2840
5488
5947
643
3278
5360
3197
36
4927
7764
6017
8712
3091
6882
9677
956
5221
1006
4674
7179
7328
1007
591
5342
3673
8109
8581
9216
5073
1634
4966
7312
5983
3006
5632
5294
4992
5890
7566
4631
2637
2635
5701
325
4842
8821
8491
1486
2789
6871
7029
449
5277
8664
2305
7736
6956
7402
7296
804
9576
6946
1423
7664
6170
1334
1577
2160
58
4585
5049
9256
4788
1068
6375
5341
9878
3846
6885
464
2230
5744
8660
2077
5438
1966
7494
4648
9725
3623
351
9201
4976
2867
3173
1993
7178
5174
3278
7723
9820
3036
131
4035
4741
6062
6960
1508
3705
2774
1964
5153
8426
5955
1830
3127
3280
8347
8285
1648
3429
4357
2288
6780
5791
6411
8798
8565
1256
7853
301
5648
9493
1724
6518
6738
269
9616
9265
9550
6773
4210
5917
9622
7564
2890
4179
7938
5740
1847
866
6374
9339
965
5304
3599
2654
7584
201
6929
7567
5448
1642
1690
2812
1783
6100
6087
2376
4507
4965
4823
4981
7303
7356
8361
4709
774
2873
3671
2604
6772
4835
7158
5552
2262
1948
5018
5101
1287
9452
8417
1006
4366
6136
3001
5722
8912
7134
3526
3305
2258
5708
8324
3744
3205
8899
6921
7570
687
1391
3994
6994
2958
3931
7781
6774
7491
2191
2093
7324
1483
6451
9353
1080
6657
2972
1347
9788
9472
782
6842
8905
4152
7313
1420
4346
6762
2845
2689
3523
1679
753
5124
9046
631
9892
1759
3054
7732
8171
766
5075
2044
6637
760
4666
9357
4380
3220
8421
3351
123
437
1465
7341
9303
4495
4723
6793
6075
7426
2899
3694
9833
1575
7465
2864
6895
120
7210
2471
2044
314
8841
9177
2493
4900
1994
172
5815
2643
460
9381
4451
1112
6554
447
5459
8931
2613
1588
2157
7090
1434
5957
4902
9708
980
4062
2383
5002
8027
2640
7494
7961
6521
7825
559
6054
4065
1610
1292
8811
8970
9292
2975
2017
6965
4241
9464
7325
4890
9905
3772
5502
6217
4251
3138
8909
4626
196
9355
1261
358
877
1180
8261
7804
1427
1399
8272
4885
2471
1695
1408
7747
2775
492
5933
5051
5258
8938
2531
6389
2896
87
4963
7788
1712
386
8359
9511
1109
3081
8359
2471
551
8448
232
6321
3251
7710
1216
7239
2429
4695
4408
1041
9376
6217
2006
2751
4429
2596
752
5984
5996
785
2875
4770
8604
2193
1180
9127
3302
6539
2392
5391
2423
6634
698
4879
6379
9793
3781
9449
6280
5855
9269
3628
832
5611
3358
583
3239
122
8283
1685
7191
1653
4415
6991
6363
6215
9746
6936
4043
2218
8297
48
6446
7696
3109
7919
6141
5904
7180
4336
1756
3112
4887
813
1851
9485
504
9168
6828
6867
3698
3647
9935
8072
844
830
1113
9413
7832
1601
1903
9713
9126
5917
1171
7218
7373
1025
9736
8045
6542
1146
7862
2074
2440
9652
5136
1949
6666
2942
6594
3449
6816
3305
116
891
9641
8306
416
2781
4199
7220
3315
6984
6519
6598
1789
6777
816
2026
812
7183
5424
3304
5961
3645
8968
1571
1420
1379
3678
5030
8943
8707
3548
6515
6599
8743
4187
6788
241
4555
8180
7562
2219
8797
6289
463
895
5815
1151
2467
1486
9044
9561
2413
592
3594
3405
2169
8859
6354
3202
4112
6890
9534
2451
795
1573
2086
1056
2313
4445
6310
2867
2232
1114
6447
7426
4965
6642
8171
1578
2639
9586
7398
7528
1676
3586
6544
2801
4336
2695
5698
5940
5129
5244
8535
7406
2493
8334
3226
9259
1407
3302
9292
5171
8452
6374
9188
2816
7408
7378
3084
6924
3897
3832
7383
922
8689
4687
3499
6668
9436
9847
4742
7280
9553
8333
7420
4875
4920
7942
4051
6049
4222
1071
7219
4076
4299
1497
5635
1176
4033
3308
9494
7142
219
9631
6943
5247
1690
9862
534
295
2084
2715
3769
8617
4799
7304
3659
2559
378
3545
4207
193
1055
7870
1148
3861
1294
4358
305
9820
4294
4612
3824
7709
4334
9166
8844
9907
6102
131
4365
4992
6086
4944
4746
4739
5525
2592
7962
7909
4995
2964
7940
9435
904
8706
2573
6099
83
3955
5203
4112
3360
4878
5175
1795
431
2587
5616
5278
1967
5901
1086
8718
4243
2820
5008
7266
5838
7560
9982
1192
7492
5638
338
8379
8035
8175
869
9034
6915
143
206
7348
4109
954
5679
3913
1991
5524
6505
2816
7166
4316
2808
7553
7461
6404
6724
1028
810
2486
3237
1428
8911
5866
5901
8739
2059
363
1963
2658
1054
6690
4436
7705
8385
4901
5979
337
4781
6131
1433
5252
999
8552
1239
3473
9449
7511
2711
5184
177
3587
2854
7920
4918
2772
6846
8797
7123
4481
5352
9819
3547
5244
6153
2905
1988
7396
8807
1433
5984
94
4064
1069
377
527
9895
2099
2767
2399
8002
7958
6800
4788
8693
2333
1087
7283
3787
5069
6385
6488
6078
2222
9895
129
8231
5759
6074
6532
8476
2007
1898
7710
1010
3244
5802
125
139
4399
9952
1364
609
2511
2233
1183
4156
5944
7050
3303
7340
9805
2192
894
4162
458
4179
5449
3026
9299
1716
1563
7905
8039
8047
2555
5427
102
3259
7929
4992
9008
6818
4423
2629
2709
1998
4726
9661
2565
5717
6183
6143
8264
8748
8435
3949
7104
9634
1367
8285
2225
6554
2512
5166
9742
1726
120
7426
9243
8771
1778
4545
6121
1684
22
489
5380
9632
5694
2827
5833
9792
4177
2721
2700
5432
2162
9595
7329
2619
5394
443
6715
1478
4772
3714
7943
6152
2115
774
990
2147
337
411
8089
5545
6079
7117
9477
724
6399
530
6333
5042
2134
9427
7041
6596
8815
2329
3063
5712
4510
6544
6927
6722
5678
9227
2313
590
1762
6752
1084
9560
4055
5862
5209
9075
4713
6671
1651
2734
2000
9360
3733
1727
9817
9037
4037
9600
9239
9064
5747
7013
309
6309
3725
429
5093
5457
8327
6220
2717
802
2352
2976
5370
4516
2329
3399
608
8416
8481
2998
10
1887
4958
7355
3735
7160
9807
3608
7022
670
6227
1586
5765
3480
9073
6753
3694
4831
3864
2787
8127
4500
5356
4224
9163
6225
886
8909
7886
1106
9669
6845
5630
706
9402
9615
3049
2183
8497
6799
394
4876
1906
3633
9964
2619
466
4740
1728
6660
9695
149
8868
5695
88
8070
9119
5767
8460
1613
2553
31
9936
8108
9258
1525
4547
7520
5563
9964
3193
4652
7110
8279
3552
6658
3615
6566
3987
2487
1422
4835
7919
75
9630
9642
9971
1849
3024
8686
8015
4759
7158
4769
5797
581
5122
7769
5153
6133
8772
7704
6274
9535
6531
5678
6018
9285
4116
394
1868
7827
2839
3271
2485
3941
5028
4539
6637
6482
6516
7667
6559
3207
139
9953
9087
2529
4557
9135
4088
6857
3378
8871
9492
4531
9899
6642
7091
5613
3479
4824
5484
1764
1051
3222
5481
1863
4195
5921
5293
5760
3515
9479
7692
517
8865
4876
970
4915
4898
137
9497
4765
5393
4932
9783
7187
7637
4425
9405
8318
1692
7984
8187
6196
6243
8015
6840
2291
109
9104
196
1094
1595
8841
1975
4688
8500
133
2495
5327
3282
3709
2086
6887
9169
4535
2043
7374
5158
3273
6782
6672
6026
5980
1662
7827
4204
6371
7051
989
6188
1547
5417
7059
7892
8062
5646
5238
6177
3563
4734
1442
2546
8098
1499
3947
8128
2979
1731
4371
6294
1291
1873
2393
9639
5194
8648
5367
1094
7425
8839
6083
719
2914
8877
291
6808
4658
9874
7191
3403
4019
6848
2110
4317
6586
9546
8231
9113
2010
9575
3397
6109
3472
3829
4822
4560
6079
5035
7563
6895
1064
2087
5320
4079
3981
7356
6062
4375
5181
44
3651
9339
1712
4766
6446
2632
1934
5803
9087
9228
1927
7792
9389
5980
2530
256
9170
316
6076
4064
5637
4337
1235
167
6024
9924
1139
6890
3996
9859
5743
3837
7130
3641
4881
2009
4855
8793
2191
6035
2112
543
81
5288
924
4887
1743
1458
2443
768
3550
1654
1351
5227
6497
2135
813
5916
3027
8736
4507
7336
9440
7207
2736
1168
5422
9626
3656
8372
4502
2696
2264
1121
1335
4559
5316
8571
6380
531
257
4016
8134
3409
4053
4227
9730
9898
3563
2028
9685
3903
5989
9258
3860
3136
8274
6087
9053
8907
3291
8616
5959
1534
2068
3418
3414
486
6044
9631
6922
1178
9366
2858
9417
6358
4273
7093
6616
3904
241
4793
1635
2352
9702
8809
8643
1601
8597
4378
1663
9506
5605
6123
924
7587
4323
8371
4458
4391
8928
1148
6508
9974
9033
7516
3892
6081
2720
198
7204
6968
2972
9509
4014
539
6041
7096
3740
6640
199
8226
9836
6427
2656
7122
4429
1511
3821
5199
1504
1892
8491
9414
9989
8127
888
8397
2872
2497
4573
8152
6256
3139
8963
4854
1008
4664
4348
85
7917
6828
4152
9400
5075
4845
1115
3227
6100
3896
2332
9081
2412
6083
9823
1873
7148
2278
2683
1651
8904
9599
2468
6203
3678
5363
7411
1792
9804
39
5510
1869
1602
1945
7704
2474
8128
9388
6035
7193
8812
6567
6261
678
787
3891
2469
9909
2403
5716
2236
5707
4091
2688
3665
4450
6437
9301
1661
4532
1677
8678
9090
8496
635
6766
8499
1861
3484
1054
8808
5067
4851
1598
194
5286
5253
6962
4714
507
3246
3574
267
2540
86
1469
8190
3849
8475
3783
4612
7249
1181
5745
2021
9600
4913
7883
4401
3587
7509
7228
9199
6205
4434
3936
1300
2461
9418
9803
9010
1120
9970
9332
1828
37
7082
6270
3973
2031
9734
255
5347
3265
1805
2576
1040
6360
696
9480
7617
9929
4606
8517
5292
9746
5256
8765
4781
405
3038
2732
1714
5531
3044
4475
362
9602
1384
9133
8026
9437
4996
7642
5818
1130
6683
9723
9107
2076
9624
9560
3511
8418
1505
328
7554
4049
9184
737
7019
3361
9976
1821
1688
5672
2559
9110
8498
5583
5130
2027
8010
2250
5394
7139
9852
9561
5844
8095
8043
9659
2412
3843
318
1597
8784
6882
5828
4866
7490
7205
5019
5807
137
4310
5997
346
2851
8727
4340
5376
3959
9315
5615
7739
1304
5786
5328
4792
3396
2587
386
7023
8946
7077
6028
7131
8747
4700
9024
2905
9789
6566
5635
5582
6783
4945
7254
4087
82
436
5624
3647
253
4370
1563
3085
1004
4672
9604
334
8309
9656
6427
9600
9726
3475
9935
2371
3850
4242
7201
8101
4915
5506
6593
6432
8593
6301
5209
714
3360
3779
7816
4956
1779
8767
3481
5302
4308
3390
9891
3486
1383
863
4660
109
6226
3594
499
6040
7925
6957
8007
4999
9039
7971
4746
1766
4274
3440
5643
4259
9442
8168
5595
6582
2312
4779
6328
3948
236
3663
6020
2379
9828
1257
3144
537
9907
1886
7094
6074
9519
8114
2741
1783
4701
578
2603
2921
8214
4028
3902
6860
2910
58
6333
8712
7235
6794
6978
3631
3195
7556
7231
2335
1059
4728
2192
700
5000
891
2624
5287
5915
4705
4711
2702
9430
7364
1602
326
6060
6978
2022
235
4756
1280
6038
3245
9128
2367
5390
8199
1144
196
9833
5079
2982
7273
415
901
627
5125
4941
6414
7885
4248
2121
9898
8454
6103
5813
2410
6537
4851
4410
8999
4515
3242
7808
8775
398
5431
7168
9138
2290
832
6563
4295
4015
7033
7886
5309
315
3288
6375
4245
4289
294
8480
996
1676
3063
9462
1565
7855
4646
5817
3393
8182
160
734
5738
1034
8041
6654
117
4595
4630
9690
4596
2590
7264
5309
9113
6696
7682
8356
1088
6040
5361
280
7470
184
7411
9155
1170
3725
7681
8960
6452
9262
1131
8866
7068
7108
3034
4711
2313
7881
7991
9918
3455
3804
7477
6764
4675
4619
4771
7548
316
275
1055
8613
3114
1348
4705
6967
6134
5383
511
2774
6637
4987
6362
5559
8823
7331
91
3959
1108
2643
7712
8479
8970
3814
127
9613
9555
420
7408
8987
7827
5380
6817
6806
3757
8976
1659
6230
8987
5926
7039
2647
1606
920
2715
2283
9831
6465
5507
3299
1392
5627
1422
1836
7123
6810
8467
7697
228
9749
9465
1005
4940
1623
7867
349
7284
631
3943
9392
5114
5980
4299
5729
3930
1125
7874
6117
7131
5761
7501
7109
5205
2822
2643
5047
9063
2050
5272
1009
8310
1307
5417
1379
2429
403
3090
925
183
1869
3524
1517
8532
5210
1499
422
2447
9545
209
3584
7609
5085
7802
7826
5255
1718
2040
6145
2723
626
4361
3719
1268
6769
9631
8725
5382
5191
5555
8742
8303
9501
9652
1526
5569
8878
3775
7380
3855
8395
3699
9087
4359
3438
5689
3220
7045
7243
6614
3593
3509
733
4775
5058
4811
1720
6210
1529
3888
8577
5354
7354
8777
3501
9965
4910
9901
4281
8253
6779
2125
4745
9881
556
7059
5425
1291
3788
3117
7081
2394
6430
5008
449
7048
4681
8977
6052
6097
6835
8830
9407
2151
4421
5631
6242
9288
2421
7390
1117
4981
4362
3833
7119
2993
799
2379
7457
4534
148
8073
184
3618
1894
8534
4419
8233
8436
2111
1407
3063
6222
4885
13
3273
9547
1063
2118
3330
1539
306
3615
7466
8304
6390
8500
724
5753
3726
3177
9627
3130
8178
6568
8494
2402
8842
3683
7946
9423
7102
2189
1518
3048
4842
6601
7111
7415
4527
7533
9587
3793
652
3170
9306
1119
39
2677
9844
7667
6476
7489
896
5357
8976
1590
4252
1699
7446
9449
7107
7661
2066
4141
5523
1155
3352
3782
9788
8738
1087
1991
2518
8291
5509
6166
5341
2829
8501
5386
2391
5937
639
9741
9573
9828
8098
6441
9455
9530
92
5702
9100
4617
9566
2914
1917
1759
3490
4664
3265
6027
9578
6573
8619
5865
8348
1091
1969
8644
6824
4104
7637
4459
5862
5360
6824
6126
7034
6750
2155
9723
5534
8646
5666
5667
6763
2825
2625
378
2155
338
6011
2695
6455
5431
8403
9193
2487
3
7099
7270
6934
213
1834
2614
4240
9204
8980
3780
4371
6695
3738
1980
9083
6786
7236
7523
796
664
5067
2729
8025
59
1460
5365
4780
2428
7000
4942
9852
4894
5633
2206
8868
9062
8267
827
1561
6933
8878
2357
3849
1356
830
5351
5818
3183
2806
6052
1662
8065
1175
6606
6672
5743
7554
196
3286
6827
6560
6801
2695
3015
919
2892
4807
1421
4540
8014
8079
3235
5147
6977
6337
4026
5853
1645
5288
5920
3294
900
3665
7933
7373
1634
2590
2654
7021
5417
3043
2060
3023
5273
4518
2318
5236
3661
3245
3139
1231
5230
1793
1883
5535
3677
6264
2603
5032
844
9916
822
6876
4806
1873
6411
2965
3058
2972
2026
7119
9575
4250
9775
2165
9959
4369
1897
6131
5853
4428
1364
7128
6764
1229
8814
6752
3139
3927
2626
7834
2348
7876
1014
5694
9760
5564
4266
2418
3392
906
6407
7623
1870
4161
5871
2920
9443
4411
6139
6036
4997
690
3637
8969
3603
7038
3838
4203
8568
5195
3195
9985
8502
6837
5935
3295
7698
5677
6220
6256
3568
2472
2579
2771
5341
220
1577
7903
9610
965
9762
7691
5873
3092
5899
2804
5837
4384
134
6411
7166
7743
4064
841
1079
5165
2276
2240
9748
514
8631
1058
6858
2438
2841
7218
1084
807
8216
6773
6096
8788
5047
3373
9613
4128
9655
4883
4701
2652
2203
4218
6401
6927
5547
79
2779
6629
4247
2756
4724
938
2664
7439
7790
3177
7075
929
3475
747
19
8947
4735
3866
7110
8451
6035
6545
1550
9491
775
2420
5342
7970
2800
5204
7102
3975
1293
5901
8448
3554
4396
740
8402
6684
8751
6505
8452
8588
5056
3853
9723
3294
4436
2503
8873
7755
8080
4852
2542
9303
9498
7231
2561
8488
7892
4074
3691
6743
5156
8913
9282
7507
9529
5328
280
7514
9799
4727
7944
1417
4953
6962
4084
7713
7881
6291
7333
3703
6318
8752
4538
2188
4362
8912
7036
7484
847
5704
2194
930
5553
5245
1666
6905
2195
319
2922
6268
7011
3708
6855
8663
6282
5692
7477
3116
8890
274
2456
7400
9344
1243
7615
3224
1184
7078
8392
6507
4939
6465
4201
8265
4733
4083
7032
3151
6794
1018
9572
5346
2535
7827
7097
8959
5827
6490
3928
5532
2998
726
7323
6470
3276
2429
7185
8056
991
2217
8545
3784
6481
3744
9018
6454
1919
1783
8122
9492
8459
8859
4058
2887
3887
4548
1058
1778
6107
5296
9195
8715
4875
7308
6982
618
1679
7833
2504
7388
7925
3300
7387
7337
4976
7063
7974
9078
341
8492
9743
4863
1219
7854
5092
7214
9337
5209
1244
5801
9183
9522
1278
4175
2579
1296
6357
5634
7263
5242
5206
8793
9549
943
122
4113
9987
95
6179
4171
627
6247
2546
5919
9394
8654
7023
8775
942
5647
7984
9399
435
5682
4498
5215
7029
8826
4975
2583
5671
4646
1584
2481
5012
5323
6343
4953
849
1764
453
127
3962
3901
3647
8941
9597
5343
5671
2140
8198
3560
6539
9056
3194
3948
9959
3343
229
5596
9858
1430
7125
8159
6349
8263
4877
3875
7138
4995
8255
2528
28
3061
513
9206
4843
9916
8048
4894
5998
2991
6645
4831
6885
596
2101
7481
1561
809
1007
9644
113
5062
666
7270
7069
4270
2875
7641
841
5685
6111
1385
1116
7975
2234
4174
4247
3143
1089
2048
9161
1946
6801
3175
4883
860
3918
8460
381
1915
8288
7193
6843
5877
5772
5723
9539
5481
3084
3510
3557
615
3422
6797
641
200
7086
5677
1213
5426
405
9880
3059
572
5785
5324
417
6436
9657
9949
8291
6200
9593
4136
3392
2702
231
5857
4769
7279
5166
5625
8694
7724
7388
9240
528
3684
852
619
3121
3419
1722
8944
6541
2978
8915
2539
1762
4662
5503
622
6835
8795
4515
3115
9252
8457
9560
7007
710
7718
8619
7480
7270
203
9578
1227
6508
5363
5028
9919
1873
9314
1546
5168
9177
9848
3168
2130
2703
8521
6326
3668
9848
6736
2774
3837
409
7919
1368
6750
159
1968
9051
8373
3060
3719
1892
5402
1380
4260
5365
7390
8426
2056
3097
7320
9947
2809
5557
5772
6268
8965
4844
6246
3416
356
3999
1879
1392
6749
8323
4246
6753
2829
5954
2203
5308
1270
7670
9239
7130
8529
4641
6139
247
9692
3224
3276
7771
6843
278
8042
3966
9920
4763
1539
5390
5082
794
7491
9793
1091
2729
5554
8176
7303
6537
2366
25
779
8113
3974
3464
2202
1903
5742
2722
9785
7688
3211
1080
5428
2997
8381
3540
7627
7158
4592
8717
1332
2053
1549
1074
7766
7618
2573
324
7005
1708
4351
5006
7397
6774
5067
3618
4190
3338
7965
1848
9410
8596
7051
5889
2163
9465
9136
7014
2570
1082
7661
5724
9511
1982
9729
2963
1485
5539
4705
8152
9538
8246
3060
9632
7286
8709
3074
5839
2700
6477
5906
5497
382
145
3766
5986
3409
5220
8217
4071
6985
3281
8233
3318
4013
391
3711
6684
5585
3602
4893
8795
7427
8984
5439
3571
6535
4010
3808
3975
4364
9413
9655
2027
9048
2218
1446
8845
5087
8633
2659
7173
7590
2594
8759
9202
5266
8617
6793
2820
3052
8470
7357
987
6263
2944
3499
7394
3947
7492
297
5398
1591
1280
3594
549
7536
4402
1675
9653
4365
18
4962
6053
8599
4986
3702
9896
3139
736
451
1966
5650
2984
5977
2344
5957
1529
5135
7329
5186
7388
4291
9746
8069
779
6483
2949
7838
8357
6803
480
9926
4706
3186
2771
211
375
3367
6992
8548
9454
3068
5082
3408
6908
9277
9497
8245
7426
4152
4351
1797
4643
24
8150
1290
5147
3411
3720
3775
3150
647
3606
724
598
2853
1956
2182
9935
2981
9231
6348
6260
2296
2100
152
1370
9750
1378
4017
5882
7266
823
1811
7553
4420
2756
4593
1833
1197
7983
3634
3952
5664
8877
629
572
5375
7482
2212
5122
3531
3456
2070
262
5921
189
4318
4933
2570
7376
594
2373
8413
4097
1559
2592
5901
3537
9679
2483
573
5647
7756
8687
3868
7247
753
9259
4716
6755
9161
3527
7681
5247
9023
2764
810
6894
7443
9111
9180
9962
1116
4097
4985
344
7302
1957
5656
4421
2176
2924
904
6461
9338
5578
9489
5489
1187
9155
2239
4571
7944
6442
2876
7466
9577
3132
2235
5363
7415
5321
4167
4344
5623
6619
3975
1629
5171
5772
7615
1175
9431
9566
5819
268
7976
506
625
9557
9325
8463
9795
4155
1782
3048
7133
6483
2331
3205
1982
2419
1690
1128
6769
4308
4582
7543
1572
1933
1172
4653
1836
4534
5127
4867
6361
8769
8426
5452
6493
5137
1865
2781
2527
478
632
1815
1498
5640
7084
816
10
687
1891
1343
3325
4355
8840
4271
3003
6322
2681
9847
9795
5359
9782
2208
3434
3651
269
2055
1782
6142
5244
7727
7146
4787
5936
9790
863
3326
6775
7991
2098
4127
2738
9370
1460
2149
5735
3162
5837
3132
3544
3800
691
3534
7575
9405
8415
3984
6433
9864
8809
5823
9522
1409
1131
8188
3260
6961
7283
9231
8000
6854
2358
5480
6519
3754
2133
807
3546
8782
2072
6371
8018
171
7017
2489
4112
4361
5379
5121
8721
1667
8419
7077
730
7350
460
2086
9123
800
5333
7567
5006
1233
5679
6804
9732
8574
5499
5113
1185
5478
7763
6320
929
7249
1356
7013
7860
6292
8991
320
4101
4663
4183
2608
6407
5808
3703
6843
2677
1015
7962
2307
7515
9283
1436
6093
3580
682
5972
6528
7753
4685
9645
6368
2115
2132
8989
1082
5729
1531
9098
8611
7474
9393
6437
9326
5829
140
7220
3393
2017
1168
6680
780
7383
4939
2069
7375
1241
9182
2160
8845
5312
6955
8662
4444
7958
6510
8303
9911
5918
6644
4386
8544
3186
7467
2800
9958
478
2377
1580
2585
6926
8986
6037
7463
3314
4523
4733
351
7902
9139
6897
1869
6988
3597
5595
8223
9442
1984
7872
5920
7622
2160
7161
5149
7706
3388
6448
4350
4212
5794
3680
2804
9015
4790
7396
5719
3219
5537
7888
1570
123
7285
2987
5225
5811
5186
836
1035
5319
5880
8511
1600
6996
1049
9796
7343
5780
518
5154
2642
3966
1328
3632
2648
3600
3616
4496
3966
8236
1436
4167
2933
820
5677
3797
3033
9756
9429
9748
5459
6905
1592
110
9568
5828
9001
7471
4687
6974
1825
2066
4551
4400
8252
3741
5641
1424
1014
6477
9108
7329
4985
5271
6073
6006
1688
1618
7109
1709
1308
1187
315
9978
4360
1768
3119
1063
8093
3020
7606
7658
4969
8330
3250
5470
8026
4776
9797
999
2219
9790
5303
3699
4965
1294
2762
2522
2516
4792
3933
6866
172
2123
9643
7160
1893
4823
6140
1281
1777
8242
3423
5191
6215
9814
6480
7294
4105
2374
1770
8670
8761
1169
9264
5583
4484
1463
1628
3705
8353
2545
4809
1312
5136
5381
3067
464
8551
7328
5314
6353
3387
1538
5668
9509
7742
412
3427
7671
1730
138
6164
7219
606
3122
2709
973
8699
2495
9580
399
4323
3073
3589
9275
82
1766
202
1298
3370
1647
5400
5381
9842
3648
2660
7014
5179
9735
5057
1026
4697
9607
7102
2852
9671
8466
3118
3467
7028
5396
688
6195
5380
2538
7933
3144
1271
8417
7697
5203
44
7806
8429
5791
8310
9732
8409
2748
7344
5172
7243
9802
1939
5762
9512
2731
5293
9354
1317
1425
7709
9148
5571
2456
1287
1231
8430
4146
8445
6075
7289
4049
2048
9242
4439
6533
1358
8091
8186
3969
6453
7708
2220
2066
7887
6199
6911
917
101
5462
3354
3973
5425
7026
4779
9850
4981
7365
5535
5377
1532
8463
4562
5181
3877
1911
5893
5327
1869
9772
4542
8293
5699
9306
3576
2900
611
9567
9422
6170
4607
9982
5822
3000
7546
4322
7320
3731
4972
323
5327
668
9043
5057
1625
920
7327
9035
3454
275
5454
4454
1234
6812
5512
8105
8038
9234
7208
9980
5996
5342
7107
524
9417
9375
1181
414
6016
8761
3765
185
9463
5151
6183
1815
2649
112
7450
9464
5643
6590
1850
3724
6432
3113
4235
9659
8401
129
8076
7498
7361
1124
5981
229
6103
9511
325
1254
7675
5764
9725
6282
9354
1970
9463
8706
2825
402
3451
1058
2483
9557
9310
5458
5845
5953
8576
2995
9458
2278
2723
8358
3342
5575
3973
4132
9183
3504
7421
9608
5442
1790
9294
5768
3222
8342
7122
9479
6959
3154
961
4973
7789
9368
7913
953
4837
8013
8055
3705
6226
3081
1801
7981
6626
4577
1780
8361
5521
8593
5537
1965
314
7199
7263
19
60
5854
7564
2735
2569
6245
4756
289
6305
1810
717
597
4819
4019
8325
4400
3616
1120
9583
9088
8723
7614
2371
4989
7996
7138
8274
477
2105
5919
2948
9977
8737
1678
9962
2278
4887
9263
2258
6861
1583
8346
2316
7923
8228
2750
8037
1089
2840
3209
3557
7798
8375
1785
3019
706
8182
4709
1948
548
7908
3791
8616
1163
1743
2342
3465
6185
404
1186
7303
137
8600
8471
9777
3036
2199
3149
4486
5134
9145
4122
5387
3278
1268
213
4815
8402
4249
7605
9080
3561
7730
206
1301
3009
5734
501
9821
8776
4632
8609
7089
3454
4745
6160
5258
2613
6960
2325
9699
6016
985
8888
930
5216
5652
2558
4443
5043
7266
7995
6070
2875
2367
5615
3587
8847
6464
3147
762
6574
7623
9719
2473
4824
8645
3143
8757
2778
857
1112
9461
6151
3998
2274
4278
6653
1485
6614
2099
1818
9915
3447
9153
1894
3085
83
8393
3874
5369
3868
9161
7348
2398
2529
5931
7750
349
8872
1828
5061
1918
4887
8731
6688
2668
5688
7099
1309
6782
9614
5755
8794
3007
9115
2256
3985
9152
6068
7717
3190
3638
5648
991
2224
139
3378
3487
5988
5303
744
3227
6395
3939
5322
4063
5251
3785
7514
4006
5105
4069
731
2170
1239
4150
8559
6752
854
2600
6181
8705
4438
6976
7471
5700
389
3505
3054
4196
5816
2125
4557
6230
784
5768
3651
5063
4112
9918
1350
5692
2233
5952
4733
537
456
4654
2294
4947
3904
1820
244
6790
2391
538
1472
9654
5652
1134
5121
5189
4369
7087
7923
9355
7702
9608
8661
5977
3781
1907
884
2546
1307
8693
3403
9626
8302
5375
6868
3983
3184
6474
5925
3667
4501
7937
333
2352
9738
4316
7720
7042
5168
7415
1487
6247
8170
3952
6596
2373
1616
5701
5063
9865
5859
8411
103
7992
7170
5660
4994
490
2684
4593
8717
5447
9337
9604
2310
6263
3810
5672
5914
5370
9937
9344
8057
8235
5507
2421
2433
1400
1197
1309
5273
8931
2341
1498
9181
9182
8351
3584
605
2645
8150
9797
3509
6247
7215
3981
139
4957
324
1870
1831
833
5829
7270
4754
7563
9617
9640
8352
9546
1448
1869
8395
3407
4968
2526
3280
5134
3289
9919
2457
2612
4168
8758
1595
8445
4810
2103
1788
9258
5087
8186
8423
927
4711
405
3248
8740
3341
8565
2642
9013
1125
5884
4954
3698
2111
1095
3033
98
467
7316
2950
6354
644
7261
4159
9133
7214
9241
5685
6037
3114
7281
2905
5210
3854
784
2115
7929
2098
9471
6269
4686
5140
9761
8818
9244
9442
1078
5813
3914
636
5621
2172
4537
5509
359
3345
1181
1014
2188
4707
8041
5510
7330
293
8606
3385
1921
7317
9088
2280
4965
398
856
9731
5002
4095
6456
7102
8426
9606
3393
2111
187
4434
5831
1801
1244
9826
9089
390
2301
5681
4255
7074
9502
9578
4977
2260
7429
1396
3304
9633
3197
6360
5489
2837
1301
4718
2044
3294
9810
9898
6780
5338
1540
8940
4892
7041
4838
1010
29
4828
8895
7198
7446
303
8805
2503
4373
2070
6522
3952
2605
6212
6151
2353
2737
7744
4028
4811
9459
1644
9797
9211
1424
8731
5203
7609
3313
1258
4403
7092
7116
620
7595
8276
6649
5638
6821
7845
3542
9734
4744
5296
405
3540
6390
7371
640
2122
6818
5786
8508
2948
2940
5562
4786
5993
4592
1352
7934
8840
3644
4994
6355
2771
6669
1011
921
8453
5844
9033
5035
3252
3100
8845
6378
9177
7294
502
8623
5286
8259
3342
6907
2073
9410
1650
9614
2
7059
1542
7630
225
1911
641
1278
170
9414
3952
7558
3782
216
6358
9825
4227
7765
3711
2209
3524
4376
3967
2912
4299
8628
3626
5976
6097
7738
271
6493
9844
3144
7259
7064
182
8745
8430
6904
7808
6243
4610
2941
5726
4691
4607
8950
5226
97
7591
8485
4032
1924
5297
5700
1602
9657
7981
6414
3711
8029
4178
75
208
1180
6755
7198
1315
5644
2324
9245
724
2057
4781
132
7069
8962
8980
1562
2282
7068
5250
6317
146
6120
3022
7128
7659
2748
5527
2614
1369
4702
3344
9856
5728
2164
5521
3947
2523
8675
396
3364
4
7164
5631
6726
2498
5288
9043
3339
3049
6654
4265
5190
8623
2468
884
1583
9190
7229
6294
3954
5194
1788
858
7149
5553
5913
8137
8684
7122
5573
4455
9633
9121
3543
2332
5012
6796
6415
7910
8670
3306
5362
8676
7557
966
8494
31
1837
6137
1558
7699
7327
8739
8799
2452
5826
6784
6173
821
5446
478
3060
1280
7363
6897
4915
2219
4605
6370
8815
8342
1501
9547
9727
827
195
7865
3602
6923
9899
2359
9019
8485
8322
5844
3602
5386
1570
4237
749
6035
7358
664
8945
4173
8412
6669
889
526
9370
55
7724
9939
3103
3521
3561
904
8604
650
6493
4226
9295
2365
215
1397
7837
7099
2201
9638
9929
7647
7691
6398
8692
6354
5387
6607
3600
8092
451
2155
3898
9343
2845
5736
2187
3410
8081
598
6779
3136
3960
8480
5368
5246
6525
9991
2535
5892
2806
3819
5249
6228
6092
5049
7932
250
8001
1623
997
9227
1322
5514
4718
850
9134
7277
5077
8595
4270
9582
1670
9100
2028
8132
1042
3766
4154
3481
5428
9469
5637
5739
8345
1331
7476
4013
8821
5825
2839
3304
5347
8881
4613
5809
2443
8191
4327
7483
1231
544
7659
7014
2973
9915
6301
1644
7197
2839
4385
9034
3775
4419
2139
8920
1783
3771
4421
4836
1639
4849
6720
515
5195
5998
1049
2122
1572
9226
4433
2457
4761
2839
2399
6456
8363
7724
2949
721
3000
8600
301
5010
3602
64
7907
8455
6193
8066
2283
407
3117
6086
1414
7499
6229
7880
8716
4615
7381
4798
158
4979
7929
8743
7143
982
6774
2113
9233
7354
1712
2317
337
7588
2077
9804
9665
6216
3371
8727
157
6862
9860
2281
566
3240
4905
6637
7577
126
3428
6065
4641
7919
6930
3320
6144
5150
3876
483
3248
9967
1680
2444
591
9684
5087
9535
647
963
8333
8858
7473
5809
7215
4490
915
6064
3958
2106
4715
2754
6681
1462
224
7655
9284
6489
4998
4823
4166
762
1777
5106
2306
7778
4655
4026
5831
5769
1554
9947
6053
8938
6368
5956
4062
3006
4951
8490
8253
9235
2927
8684
2075
7136
8998
8756
9117
2135
7812
1870
492
7493
6104
235
6755
9269
3795
8047
8168
1974
6661
1577
9952
2960
9497
700
3728
3090
6196
4537
648
5381
407
9067
8664
8811
1512
2197
4707
8248
7582
4452
9571
4179
9163
5566
6827
3910
5449
1694
5765
1784
1856
9227
4322
3030
7122
9747
7057
9605
4938
2135
6263
9226
2512
2234
6139
1899
741
6718
2255
3591
8264
2738
3124
1810
6706
6496
2226
3905
8668
7387
2603
6579
9555
3341
9526
9806
8627
1785
8368
6778
2885
4699
2785
5831
652
3059
2888
3994
6984
6634
5852
2564
4165
8596
101
3758
2796
9951
1297
434
1190
3322
2749
3305
9087
8409
2056
2058
5940
9014
98
9432
1038
5568
1225
4358
4942
1792
2102
5245
7901
2072
2781
1188
9533
1940
2526
6610
5361
4704
5541
9537
2035
932
5956
8270
5128
7032
3060
6871
2280
1063
50
5016
980
343
5871
5926
2105
5573
6834
8444
6598
2550
8556
4245
9341
6555
7428
7485
4947
3753
507
5566
3344
9594
6079
879
9363
8055
8569
6870
5983
540
7364
3237
8204
3431
1343
1007
4586
676
3587
3033
130
3041
5501
4438
1459
5639
9809
3963
2472
6901
6405
6474
4952
5656
6090
3588
231
2791
788
3848
6189
5983
7906
1271
3347
9517
5341
143
8561
4844
3249
5103
9430
476
4949
1322
3650
7313
1120
5687
707
4503
3848
7532
8390
3816
3082
3973
4843
882
414
134
2167
9449
6932
7154
4109
2700
3378
3934
8441
4695
3556
609
9850
6894
3731
7795
5533
2909
9730
9236
4634
2935
8626
4636
1068
4864
9485
1653
6128
2920
3416
2653
7823
357
2110
1746
2564
8899
5005
5567
2035
1086
6317
6357
8251
705
8344
8203
8260
5181
1195
7863
6519
1042
909
1710
3499
1067
1306
3428
4623
2046
7430
9784
5879
2995
4655
5351
4483
3637
4492
4789
2438
6054
1223
4096
1868
7593
253
8443
4080
5489
1495
4687
849
7430
8195
253
7599
2668
9249
9235
5438
8332
3444
4291
5682
2284
9590
8344
8555
5350
3773
8323
9540
2332
7928
6059
2814
6571
5873
8142
7227
8268
1984
6806
798
8582
3213
3137
3432
1552
2323
1927
4788
4643
7787
6454
7958
934
349
45
8737
2127
3471
7694
118
3605
7076
847
4036
4792
6971
4103
9345
4727
521
9031
5896
3798
8870
7439
3769
3130
4718
2391
4771
5303
1590
392
7425
3196
757
6820
749
3781
455
9812
4641
7006
5397
9501
433
6755
1010
7694
1056
4659
5879
7542
5600
8084
5405
6561
3460
257
5768
8943
9580
4143
5796
9559
9589
4956
6294
1642
2384
1375
6367
7275
7613
9637
9730
2816
8145
4885
7470
339
317
6435
2186
8191
8790
9812
7299
4489
8985
8847
4587
5310
285
6849
6506
2297
9737
3097
4302
8651
4144
5977
4936
60
32
307
4745
9246
6644
8973
2488
427
355
6410
7428
9451
6143
1862
2532
2737
2914
9843
8416
7104
8322
5041
9721
4536
9321
9141
131
6307
7577
9951
381
5353
5659
4272
5275
3220
7321
7151
3982
7147
9580
6676
3083
7437
4570
2757
5518
1717
507
5492
6763
1327
8485
1096
4899
711
6042
3239
5382
6541
2961
4963
3851
2163
5540
9815
4146
5945
4347
4507
9372
2116
1555
8819
5485
7115
2221
953
9994
4132
6484
9147
8245
44
3223
9290
7505
9365
2738
5618
3967
1310
294
1995
9957
8915
1144
9834
6656
5638
6040
2043
1920
9526
6513
1018
3069
7669
6016
2466
3832
7794
7
2252
5908
8215
8653
3638
7285
7655
5743
6953
935
7161
1486
2931
8018
5646
2199
8938
8475
967
4905
6610
1928
9294
6027
9542
7304
3335
7422
7512
1089
9828
4367
4660
2171
4616
9437
2518
4575
1545
9478
2434
7882
6695
2702
5239
2354
5479
3758
248
8488
7197
9905
6888
8504
6798
8480
725
2565
2314
5539
345
2809
8474
2870
7721
3524
3991
2946
3138
6903
2324
2384
9295
5720
3735
7312
3004
5035
6070
8665
4902
5982
4178
8978
7851
5867
3470
437
1162
5853
4859
6464
6658
7236
2987
7311
6584
5314
1534
8384
3934
8995
1159
6100
2155
731
8365
2630
9912
1758
9891
3610
5947
5253
1619
6344
545
5205
137
9727
8161
5633
9960
1429
7501
9326
9674
8893
5902
5190
484
2382
1842
9498
3100
7773
9847
8540
169
1474
7741
5081
7757
8892
3358
1205
8204
4181
7223
7193
6823
7651
1856
2994
9628
5838
8844
9036
7605
6211
4946
3000
4966
4467
4105
4294
5818
4323
6229
5329
6272
8029
92
7346
8038
1465
6489
1958
6909
7325
1580
7731
5267
9165
1756
8353
5941
4471
1781
1449
3448
5080
3068
4683
6500
5928
2780
3189
2359
3962
8041
6257
3181
2799
7973
3598
3961
9942
5928
7304
2359
1526
5714
4946
3559
3243
1272
2470
1433
3426
7704
747
455
5820
3457
5710
3297
2099
9258
3280
5580
4234
2040
1202
9517
6034
3948
8865
6622
7979
2708
8128
2872
969
1015
4228
6433
6471
9077
1804
7730
1530
23
4365
1878
8547
1554
8692
2490
173
8975
9973
8935
6701
2194
8548
9860
118
801
7579
2790
7150
906
473
6837
3650
1824
1127
5018
3138
7672
4349
3869
6556
8780
370
4557
2544
4586
7754
2988
6580
5184
5561
7453
6362
2028
1935
2049
4300
5937
44
8845
5144
2364
1816
5948
9949
801
7755
6635
5339
3278
9539
9630
1755
7007
5727
6158
4797
9731
2195
134
7029
3297
9643
4547
1949
6556
6058
2201
2295
5675
6844
8526
5570
5523
9889
2333
6358
8962
4267
9851
8381
8494
8611
9936
1447
1901
4247
7049
2414
9206
1427
7420
2060
1838
843
5690
6568
3777
6909
4654
6345
2285
7682
809
1133
6660
8761
7181
5299
1616
8972
9429
3631
5762
9939
8774
6377
5892
3718
907
1710
6581
5205
3283
1494
8147
5749
9127
6207
9523
7752
8305
5243
1915
6521
7502
9595
9533
8869
1354
3960
3612
1097
6732
3065
1510
2549
2284
4015
3605
6398
8776
7453
3041
6852
5392
3114
6466
72
1560
9396
6422
2725
4884
1423
4010
89
4882
556
8581
1301
4232
6211
5768
6556
4019
1219
6061
2991
4968
287
7556
65
7979
3976
409
9248
1309
296
4925
1789
5268
8445
356
2564
3115
8609
309
4355
1756
9798
3817
4747
3433
8726
7771
9365
4640
3317
567
5141
9267
1057
2844
6728
7310
1892
1643
8429
4311
3141
192
3820
5191
6780
3539
614
4397
5588
5255
1717
8741
6663
8365
8453
7644
9247
6080
4620
1120
4143
8429
3837
5507
1687
5564
5070
489
4049
7900
7023
230
838
5424
8829
5803
6225
4939
6126
4572
5664
5808
9226
8736
4458
1487
7863
6077
4074
5133
273
6893
6650
929
2689
3231
1739
6451
3678
6544
8113
6511
7403
3110
7042
764
7037
9801
1149
1126
4180
978
5793
5542
377
1862
8814
8721
9968
4706
7646
1825
2732
1052
3506
9016
8375
8236
7928
8757
5522
4684
1416
1411
2341
6714
5549
4368
1897
8396
1582
1219
6626
8634
9698
831
1782
8586
1345
4371
6054
7013
1609
1011
8905
1092
3517
9723
7417
4338
4546
3141
7575
8396
512
7269
7250
4187
1198
1458
5705
8658
4599
8156
9602
7549
8376
5418
406
343
967
3614
1790
5578
3435
9820
1793
5125
2965
3739
3322
1819
9259
8163
6230
4698
7831
7339
3884
787
2857
1458
101
7913
8826
6743
7160
3823
2484
888
7099
8763
4997
