2757
7673
1526
7732
9950
1210
954
6687
5030
5907
519
2987
475
4308
4971
4659
8488
2396
4574
8619
6166
1505
6250
3130
672
3121
9049
9910
7780
2030
5491
5947
3176
4119
7298
5699
2940
1349
8404
2481
3199
9193
290
6396
943
9343
8327
5158
7247
9194
2496
1666
7430
2699
4323
6508
2753
7048
1506
4970
3397
9950
678
7871
373
8735
167
7656
7954
7564
6987
4699
2559
2456
241
3611
1
1848
6798
3802
8761
5435
2856
64
7648
1234
2444
1618
6785
7978
2484
379
8080
725
515
5369
3294
7482
3943
8178
4898
2430
5628
3640
5247
6317
6067
6131
1573
7600
2864
2490
3412
830
3998
6034
4054
6753
9142
2641
636
1136
6035
7283
9660
2604
9145
1619
6063
73
9469
3172
3620
3756
5815
4636
6506
4494
8778
6437
6870
2518
5777
5064
5788
4176
3748
2376
3243
4161
9911
6382
7745
7958
5416
4294
4709
2653
2639
8352
1298
8378
4242
5664
8713
2443
1004
4128
4327
6730
7476
6981
9224
2671
1264
2735
5780
2814
9855
3163
5960
7923
6853
9933
8190
6531
2453
9384
268
6081
1807
6258
6025
8378
765
8802
5858
1161
1563
7287
2024
5907
506
9447
8761
4867
8293
8460
4543
8737
2412
7386
613
8143
3512
8973
2438
4685
8800
2434
5422
1744
6246
1835
4697
7922
5806
3671
8928
5448
7440
1410
2227
1065
6105
512
6692
8718
998
6067
6197
8684
8124
8539
5300
5131
1816
2207
4211
9130
7914
1569
5957
7403
4586
4251
1915
4145
7170
4204
8774
5990
3961
3888
1553
832
2285
6925
4346
5316
8379
1963
1851
9574
5017
5571
2096
7601
1573
3670
1451
6517
1889
6765
1356
1921
5737
5011
4451
7718
8379
6530
3331
6650
1802
3751
3327
3224
2103
4948
1342
2240
235
340
2415
675
1361
6902
4760
1037
7103
7521
2642
507
7623
3000
1573
1439
2395
9108
3507
1941
3842
5336
6156
7291
4645
5812
6113
8480
1266
346
8095
5409
9372
5787
1164
7419
9877
7336
3136
2834
1249
4918
9413
4234
844
5723
5279
7731
9417
249
9795
5812
693
6076
8545
726
4831
8202
4931
7421
4517
3231
7992
5172
9302
3385
9555
1915
5282
3218
8231
5466
6967
2808
7439
6723
9308
5481
2265
7577
1035
9625
6660
3268
1597
9831
7272
6712
8469
9009
6073
2918
3372
8364
6493
9056
9301
5303
6250
2774
6511
5776
9225
6753
4439
7592
3500
7605
3378
9498
2272
5944
8696
4223
2213
549
7240
4734
5269
3694
2076
6087
9696
6574
8331
8387
6554
4200
3912
332
1236
4748
8656
7399
1688
6565
7826
7176
8445
4212
9570
9600
6582
1135
6641
4249
2958
995
136
8828
6920
2060
2871
3596
2973
8044
5018
9745
1525
9368
8884
3675
1772
4001
9570
8670
7049
8694
1525
7310
4387
5918
770
945
6454
8644
795
2013
9392
3724
7205
9079
7198
6430
8713
5485
7918
4568
2709
9016
8453
771
9508
6635
9532
9484
3961
3480
7663
5858
5094
5981
8089
9033
1645
8428
8023
6141
9111
4305
2660
3230
8016
3452
9104
8454
7678
8842
1511
932
1889
3421
4307
4999
9228
4337
4045
50
2228
2099
6211
4025
5466
6582
5874
7048
441
4101
3846
8760
6943
6600
7757
1801
9320
7932
2170
5658
6630
6103
5688
3901
7152
8235
4411
6725
5279
1848
2405
5992
5597
9586
5163
3707
8101
360
4714
400
8762
290
1154
427
4355
6892
3079
5640
2403
8672
5706
303
1700
6004
1349
3357
4080
3501
2470
2927
9916
4188
9799
878
8590
9291
9392
258
8988
6325
4047
3909
3501
6872
5085
9802
2170
1151
4063
7862
9104
213
9430
949
8295
9792
3691
7893
6411
640
9421
1672
6415
8321
6136
1691
5855
1902
969
6422
3273
9997
5197
4714
2572
5358
1955
6259
8388
4938
1333
2158
1330
7211
1660
3467
2333
2265
9068
7326
8498
6558
4780
9761
9370
3382
5117
5512
7465
9626
5378
300
4135
378
5897
5197
936
1812
8276
5943
1860
4773
1005
7403
4830
9083
9753
9268
2699
7664
3691
6431
3124
1124
4867
3917
1221
9327
9234
7005
7823
9789
9718
924
6923
5693
5415
4409
3015
9366
9861
7563
5331
3837
2763
9865
1449
845
5670
5745
5770
1233
6262
7433
6648
5900
4124
2617
3448
5543
6612
9544
3330
5314
8382
8775
3340
8843
3080
829
6388
6516
4291
7337
8385
5260
1064
9449
6208
6060
6630
6350
2450
1117
9900
9021
6108
9643
832
3051
3904
1814
867
1675
3080
6586
1579
9315
7528
305
7467
4954
947
3545
6870
7419
4914
9416
9256
3435
9665
146
9107
2842
5664
485
7512
9528
8476
3145
8268
3540
1871
6608
8897
6268
9070
6516
9536
4550
6522
6734
1442
126
6215
4138
5207
4712
9656
3490
9197
1456
7510
8736
112
5017
9039
9192
4245
5261
9424
1459
217
4204
7612
9360
1898
9346
605
7275
7650
9668
1958
522
7907
1204
4948
6559
9583
1454
1105
3161
2645
6268
7992
6638
117
6960
1072
7637
6158
5920
4559
6533
6789
1527
3659
9068
4501
4138
1069
1364
6876
4675
3723
5235
5445
9316
6661
422
6954
5959
2209
8856
8349
1176
9603
2101
4461
6642
4779
3517
9314
224
8072
4585
4084
7478
8865
7833
5047
188
3301
4905
4609
7394
6341
326
1073
5997
6890
5688
29
4368
8623
8752
7541
3245
9504
8729
9787
8743
6509
6805
1654
204
5611
5805
425
2060
1245
256
3413
2841
8831
8843
6998
2264
7792
8814
2327
6214
4675
147
8808
1581
1143
6695
8402
695
6891
8099
1344
307
2745
5173
2170
3754
1840
9713
9533
7284
9798
8424
151
4690
3596
8192
5806
758
3590
5675
2677
2047
4811
188
4194
8483
4286
8703
6715
6915
8174
9047
3637
5788
420
3387
6411
415
2961
4372
252
3014
5141
1007
1695
5100
1974
8134
3136
1755
6083
9091
2287
3131
5107
6508
2243
1896
1923
2727
5911
8433
879
4727
3301
2180
2675
8147
5074
7555
3659
7943
7586
3030
4515
3483
3659
3599
9086
816
8252
7376
2940
909
5178
8209
8074
960
2799
8051
7447
2116
6454
2249
9085
2243
906
3464
3888
5556
5174
4212
6770
8956
8676
9592
5414
9244
9057
8108
6141
809
3597
4245
7566
5315
7184
7602
5961
3091
5695
4522
4778
6931
2435
6774
1621
5772
9723
138
5879
2439
9774
9122
6943
6005
2829
9698
9570
6639
2692
5326
1134
2126
6377
5480
3794
1149
5064
8299
1419
5280
4648
9651
7218
7278
7415
8953
2845
6777
628
8503
5464
2797
6554
6982
4658
3056
3183
8371
4680
757
41
1779
8812
3071
44
6130
582
2335
5940
6419
9398
6900
8702
1357
4768
5416
8254
6606
6607
1027
331
4580
9139
1520
5669
8167
9590
7019
9127
1196
212
5635
7118
2081
2250
2675
3601
2390
4225
3227
9612
1538
3681
2944
3792
5234
7471
4224
8298
4258
4751
2071
2969
2423
6215
3568
5525
3740
1532
2106
543
7323
8657
323
6158
7582
8744
7602
8259
2103
1885
6332
9634
7754
8900
3801
147
9655
2601
108
3152
7580
6989
6670
8502
5246
7514
8199
7791
3539
2773
909
4681
2497
9761
5909
9298
3775
1886
891
754
4054
2225
8663
3692
2945
481
2126
9540
5412
7002
5899
7346
7847
3930
673
6800
9669
9917
2228
6871
9320
1618
9267
3710
158
6260
6150
9211
5739
2248
4275
9743
7545
6399
6349
9940
7812
7417
3088
2443
7014
302
2280
5658
8428
8221
7172
370
3265
495
316
7562
9976
1436
5973
5474
1817
5589
8398
6616
5227
3762
1089
8887
5379
9783
5044
2957
636
1417
8371
1344
5395
3604
2219
3710
1085
4356
6496
7288
2228
3812
3081
2809
1648
7285
6454
1020
7370
3424
6513
9695
5536
4981
5128
6275
8475
557
4398
8159
5297
9210
760
1536
3190
4741
148
9952
8312
8123
4826
9803
7824
1005
1544
5453
6342
9892
8143
8691
9190
6071
5765
3760
3802
9381
1945
397
5020
2594
368
2865
6722
8003
8251
9606
4561
4796
3065
8858
7627
2329
1807
2402
4703
31
2227
9775
5654
7046
677
8290
4259
5239
7926
8783
6693
3525
1749
8922
3580
5834
9918
3608
7430
9856
5324
2013
435
46
3384
2132
3661
4019
3071
2730
4932
9752
6136
5994
5070
5116
8978
2571
2202
8520
2623
7235
4208
1500
7145
7918
5494
6525
4022
9728
7679
6653
5395
8708
6778
2886
8733
9218
2103
6818
1076
9191
155
2638
2264
3778
841
2956
2451
5170
6905
9619
3826
2101
7187
8628
9616
5281
1638
3253
7106
3013
1295
6389
8113
7325
7962
9302
2407
5958
4751
2891
8738
2836
5118
2991
7419
6598
9113
1280
2804
6880
5751
1786
6270
857
1406
3288
8617
8955
1151
6470
4237
2701
5039
1066
6631
3565
4555
2299
5674
1695
938
8181
408
6144
7289
8689
7190
5853
4395
1191
7940
5238
2231
3446
6866
3984
5574
1602
1316
2448
3791
7995
6955
3561
6452
6936
3565
8997
5895
8950
403
6514
5413
6126
9463
4741
861
979
9479
9887
4434
7692
7790
9740
8372
4704
5717
5051
7919
7406
6126
1873
7672
7051
7021
4791
9599
5709
5144
2142
7389
1708
3842
2813
7964
3671
2003
9559
1605
3006
9455
847
9960
2133
2944
4971
2992
1584
700
3659
8625
6303
7024
8882
5200
3929
2440
8297
2677
392
5015
3689
9059
8777
3228
3435
1438
8927
9052
3907
6811
8456
8094
471
6882
5534
3735
3970
4302
1583
5475
6294
4026
5763
8567
7339
926
7574
8851
9898
9251
6295
2271
7002
6670
8686
3100
7613
8018
5176
3392
9532
3989
1814
7383
2193
8996
3107
7927
6471
2894
6124
9160
2121
396
8316
4345
1608
1059
293
2855
3837
7864
2837
4300
8121
265
9498
4981
6907
4045
6809
6270
1364
4152
2369
4316
8216
6362
1406
6029
2474
7861
7937
3955
4142
8847
9635
3331
6826
9472
7051
8622
3513
382
6244
2292
3713
8921
4772
9069
5781
2511
2635
7877
9874
6325
2928
8374
7084
8054
3016
3626
6233
2647
5509
4283
8874
8404
6622
5488
9778
1315
6946
8596
5298
431
919
2745
7680
6420
2480
4977
6831
9560
5474
1692
2242
1133
8994
3880
4014
7502
8296
6851
9199
7251
6559
3421
690
8990
2982
1751
8555
9083
8735
8654
9901
7392
469
2656
1163
615
9728
6785
9140
1517
9959
2325
3900
4538
4678
1405
9203
3383
5745
1712
81
7696
8851
5296
1932
7209
4423
9522
5077
172
9155
7911
9082
2314
453
7887
4073
8753
6096
2936
6526
5882
3850
7493
3053
2736
8242
2319
4633
4728
281
6293
8094
8530
8414
1974
7292
1323
4935
4601
8402
671
2770
1560
5254
5157
6855
6598
7345
1756
4767
1027
5587
2083
9233
5113
3888
7889
6346
2574
529
8949
2835
6692
9449
5695
3153
6986
7819
5336
722
9295
6145
6003
7128
9163
1566
9622
1718
1844
6475
5163
2490
6406
9669
8950
5284
1256
6537
7908
8301
783
3476
2539
4106
6013
610
6155
9508
4003
2043
6204
1794
8429
1149
481
2948
4372
7655
1272
4829
9440
8693
6754
4732
5803
3988
9040
3347
5125
4139
9441
7218
754
6472
238
2351
2595
3452
3015
3291
2122
2221
1874
4410
529
6717
7923
2162
9305
1808
2653
9288
1729
4862
1345
5016
6453
1073
341
6841
4826
2560
8836
3254
1208
4378
6956
690
9721
2816
1335
7403
43
3072
8722
7244
9707
5178
3009
1900
10
4585
9771
7357
2443
2817
7529
6361
9003
709
3123
698
4371
1220
9497
7023
2064
142
2830
1357
6458
9393
1079
1734
4744
7609
8311
7161
6741
3755
4731
7081
35
9420
9828
7305
7320
5234
765
6942
3859
2503
4034
831
9320
1182
2620
1479
2399
4354
6341
3280
2841
4733
6163
3675
7831
807
3548
905
1031
516
9692
2850
3009
6916
7305
9005
4399
88
8479
5537
4000
8519
3018
3724
1058
6672
1031
1044
4872
2625
7435
3691
5703
8778
8859
6659
873
3658
2379
7678
5673
5328
6792
7066
8492
1823
2153
6940
9645
6264
6411
7432
7649
1081
1496
2525
1949
6086
782
506
4635
6422
5961
3516
1991
6913
3210
4498
3658
658
6875
915
2736
7854
1758
356
2099
8285
1495
4035
2025
7835
8267
128
5936
9770
4412
8225
7601
2778
7381
3073
1819
8704
5843
1861
4664
4476
5670
4277
3586
4682
1610
2821
4688
1012
3431
3667
982
3450
7174
8947
328
7644
8335
5120
2425
6975
499
9403
6019
5740
4748
1936
9821
3545
5018
7837
8397
6350
631
210
4123
7405
9297
5514
9836
2439
5243
5612
7256
6778
3749
8754
3933
8540
9510
4969
5861
6391
3203
5670
7439
7095
8696
5230
7051
5749
9633
8477
6959
4866
8500
304
2799
6138
7387
8672
6611
6837
9857
714
7567
7887
8545
3273
2454
2444
2584
6775
9777
3233
2338
8509
6264
8275
2105
8181
1442
201
208
8303
4051
3629
290
2734
7785
4240
5410
3235
1332
6118
4640
7624
3904
460
1437
9600
358
4669
4620
8252
2503
9444
6522
4954
9824
8028
2498
3326
3175
123
829
7038
8897
8156
4514
153
5747
8603
24
4550
5560
3185
7807
596
2346
6893
2999
9293
4210
2886
8298
2123
2299
9296
8034
6580
8977
8012
1403
4151
6325
8184
934
5004
3638
8210
4884
8496
3530
2608
8278
881
770
4681
7123
9666
5428
4009
5184
8810
694
8038
1622
8114
813
5903
8997
5709
1476
2166
8228
3977
2623
7247
9455
4125
2082
1903
8682
7221
218
3016
3595
5018
7883
7309
2708
9997
691
7354
3868
7542
3945
1138
4780
1908
8252
8287
2331
388
3203
2401
3918
9548
553
5774
8802
2088
5326
842
2321
5550
3241
4621
2989
8063
848
7947
9130
4551
3470
7472
6973
9736
841
1018
5703
3328
495
5506
945
7018
6282
6862
7897
1355
5247
7175
3589
53
1993
2533
8718
9522
7095
6446
2939
6686
833
2490
2667
2908
9400
5905
1338
4019
6181
6113
8453
6780
6651
2
8591
3613
3344
7893
9207
2442
374
3474
5854
6683
9493
1455
548
5930
5233
7208
1957
8203
2548
717
6870
4737
6391
1158
969
600
4450
4799
8598
6470
3123
6805
9048
971
7035
2648
5360
8792
8165
6356
2556
4734
3627
8894
3453
9138
5400
9828
2996
8566
5222
1896
2454
3198
8786
457
4484
909
223
1520
8726
9209
4926
6305
959
807
6150
6964
2334
710
5069
6214
9648
7090
7405
5535
7910
4993
3575
5785
4937
7938
7417
5257
3178
1826
1740
4734
7748
3147
4492
8899
7705
8141
1519
4774
5800
5033
463
1100
1895
3081
219
7418
6914
7906
8401
7533
5774
1734
1894
972
4820
3797
3001
4207
8336
5230
7022
2114
1290
3739
4825
1021
2100
4124
5856
2444
2791
870
4184
3487
140
8155
5699
6449
8060
2418
8905
1950
395
2734
7629
9962
8175
7436
5314
3655
4384
3528
5178
9133
3871
7251
894
7511
768
8189
3236
7701
4354
6111
4030
979
6735
8555
6416
7609
8583
1003
2695
6649
9046
1900
9369
4075
8922
7813
3580
7793
2994
4154
9178
7890
9212
1927
9827
9466
2425
741
894
9856
5351
6966
2336
6952
4119
7555
3472
8149
7581
831
6266
5582
9506
4925
2409
4465
6405
8971
8826
4263
8334
5696
9430
7530
7521
2919
7059
6446
5952
8065
7555
8363
493
1085
3527
263
6659
7594
1763
4850
5797
4106
165
1518
2154
2942
914
9533
3655
7582
8889
8358
6089
6378
9788
914
479
3718
6937
9714
7540
2558
1725
4599
4744
8711
8685
8819
9433
9383
6541
211
9665
9520
3014
7063
6355
6556
1174
2309
5169
8818
2068
6568
793
5333
8423
7886
4746
4020
6510
9333
9708
3202
3610
6570
8706
2116
4970
1995
3752
3693
4656
4846
8354
12
8153
276
6670
4572
3700
4501
3331
9358
9912
6195
1381
5072
2933
6982
1369
6019
2855
4158
2636
4154
4258
646
42
7679
2570
3432
2310
2684
7720
1811
4254
57
686
5228
5725
8830
9329
7944
763
1174
5941
4610
7895
6053
7447
7430
8243
8476
4924
7501
1929
1399
1852
4066
4504
1366
9283
9804
337
5778
1572
7467
5311
1999
9616
3200
6846
3517
9339
5614
8259
3
2207
5843
418
14
754
6456
7008
6994
232
2888
130
835
1492
4333
182
5246
9276
4058
2925
5998
9783
353
1844
6607
5609
4286
9914
6291
3335
6649
487
540
5371
9346
9275
6505
5029
8059
4741
509
7209
6030
8105
3621
9219
5188
5567
3075
932
8274
2323
3633
6309
8030
8092
7044
5775
1898
1118
9220
1654
965
4555
150
4585
5942
9838
7763
6848
626
7563
6867
3148
7969
7227
8613
9236
9146
260
5335
8191
4462
5868
254
611
653
4909
2399
5520
1288
6496
6221
5619
595
3362
4240
2213
7435
8003
8591
5458
6104
2216
914
6999
9435
8020
7112
7747
5908
4007
2421
7357
3451
878
1691
9887
7224
1370
5712
787
7377
4855
9365
6059
4198
8758
4948
299
5227
5488
8960
9300
85
6674
7187
8548
7634
1612
4579
3698
5859
922
3962
1980
624
6078
6619
1622
6269
673
4204
3945
8237
9041
8326
85
8569
8291
1377
8014
9176
1335
821
2354
5665
3757
8274
4800
7896
7085
1976
4045
513
9355
7336
5587
989
3850
2370
3936
6446
6817
5267
3891
2971
6087
1470
5988
3181
5807
7881
5822
4558
8528
3581
4184
1430
568
570
2404
4380
4101
6064
8203
6732
2865
1190
5565
9870
8729
9326
7976
392
4978
3676
732
7494
435
9332
4681
231
798
6195
6338
598
6288
8462
6043
8632
5807
8689
4983
5771
9224
2577
4319
1927
9210
3185
7354
4497
8050
5413
9253
4538
2144
9871
2430
7372
295
856
735
2724
6785
4463
3581
9059
2485
9207
6688
7765
5244
7713
2495
203
4246
2045
8420
8415
1302
1806
8262
5435
6718
2606
9266
6320
1538
4361
7623
9497
4051
8558
9330
4542
899
3510
4604
9200
7980
5273
8468
5444
4379
6636
7815
9494
2095
7974
897
5779
6486
259
8103
4313
273
8278
6545
9618
3094
2511
4380
9247
8986
6301
1319
7597
1651
6345
8900
7769
9417
8242
6662
9692
9714
6024
4105
8195
683
9452
4510
5330
389
4440
6442
4338
5577
3933
9510
5092
8343
6808
7759
3923
8999
8514
7453
5328
172
1235
5823
7916
4816
7333
5933
524
8182
8517
5814
6791
1563
559
6335
2342
4355
627
7149
7147
6719
144
6467
8943
9360
2698
1027
1139
5629
6194
3172
1191
433
7527
4641
5585
1254
6850
4410
7937
4597
4899
8371
4284
4900
4253
5524
6871
9584
267
3718
1064
2096
7188
8798
1841
9815
8997
4624
680
404
7493
576
5072
6100
2164
3078
3107
3808
281
7181
3805
5519
158
3438
2890
3707
3544
7669
6433
5856
4286
8672
9250
5102
3378
351
1939
1797
5428
6349
3631
1735
6837
6492
1997
2107
3700
7344
9879
7404
801
9757
2173
2600
2503
1846
5722
9871
9481
3879
1955
8866
1309
4371
7493
569
5748
2191
7259
4034
9250
2476
4830
6950
3882
2599
1231
2833
7731
8988
9864
2115
6954
690
3829
1662
954
2401
5269
9422
6420
2979
7123
531
9418
90
5537
6946
7527
9169
5547
7647
3120
7910
7162
2474
6294
4040
795
2317
2981
7367
1369
9774
725
646
7232
3559
5443
462
9433
7484
5973
3515
3290
9094
4564
4097
9429
1398
7424
5365
8618
6291
5624
9682
5496
5608
1696
5442
1330
6343
1684
114
6005
9390
3412
2803
2479
5110
4063
7382
8467
8378
4667
8521
4786
4591
3602
7018
6590
9353
3864
8477
105
4497
8924
248
4042
1333
3276
922
9242
4294
4547
402
2111
1952
9134
61
7852
1691
9487
2691
7324
2905
8728
3088
9124
809
2323
7054
3019
5956
4623
4126
6839
7137
9071
404
6792
4858
3714
713
8169
5056
3888
5588
8563
8394
1275
7680
4228
239
4166
9163
3936
1168
4264
6696
8437
104
8916
1380
9649
1346
5751
6285
1762
7348
813
5770
1777
4064
8027
7747
6803
180
292
9551
6733
452
7813
9808
2022
8596
3860
6249
1307
6218
540
2915
1345
6671
4449
6331
1021
4515
6757
7523
8586
830
9125
7059
5558
8146
2027
9148
9038
326
1120
9418
6342
8328
2095
3891
2730
1043
1430
8935
9918
6974
3145
2263
570
4572
8763
5993
6829
3246
7367
5042
1838
747
1312
7839
7048
2714
9158
6879
2189
2211
1232
9066
747
2482
8401
4123
3974
2859
7873
2708
6733
3096
4009
1958
6073
8964
4918
7320
5110
1701
9104
1614
5137
8992
7194
6651
8959
4010
7758
670
2610
7974
3796
5941
2327
8042
6255
5097
3689
9021
2867
1820
9201
8384
1897
3196
6616
1345
93
6513
4401
1273
436
4170
6022
7385
8039
2109
8782
5288
5709
836
8366
6398
2289
4287
5962
8070
6940
3138
7050
5956
141
1503
4120
7721
9136
836
9333
4469
5891
7123
2494
8469
4430
2482
9938
8179
1313
1080
1728
5285
1226
8972
4894
2772
4348
3528
4590
4785
7884
9792
704
9142
403
4493
8587
4324
6294
6152
4980
4207
7519
1164
494
4469
108
1493
7146
521
8028
5657
9035
8233
166
992
3266
9891
7174
6613
4618
9168
3886
6738
7462
2262
9581
6091
3923
952
9766
5940
1712
6222
6439
3405
4364
1401
8624
1161
1660
7309
7445
53
7189
2497
3310
7934
8587
5470
7905
2885
2994
4385
3259
7431
6013
6334
6372
8767
5849
5720
3224
8049
9210
6740
9808
2755
1702
6285
5283
7425
6984
2279
4162
7887
5391
7793
7203
9911
2723
3932
1645
9523
9318
7815
5611
3423
6830
9260
2780
874
1664
8419
5075
7428
9495
2945
2800
527
8571
2444
6632
6133
359
7742
271
4252
5213
2342
6220
6929
7454
4562
9627
508
548
1742
8437
1720
836
7848
6140
980
4758
9781
9866
3203
4905
4523
825
8339
6214
9885
936
9465
6432
1171
9642
9841
7626
3470
7158
1855
6718
4955
1819
4452
6747
6722
9491
3600
4940
703
845
5865
9994
8743
9217
2941
7889
9023
8256
38
4240
9275
2636
927
5915
3239
9356
6756
3432
8846
1282
8603
2137
2559
5686
7727
68
3639
8072
4775
6471
3563
5763
3529
1637
5740
5284
1559
7408
3479
7064
217
5935
4066
2421
5702
353
982
9928
5682
3993
9599
5774
6819
3746
1644
4080
2683
4333
5011
2002
2775
1118
2420
4072
9021
2217
1745
5416
42
5448
9686
217
4271
2030
811
9118
4935
4340
1096
9603
3803
2397
8933
9028
2776
3449
7273
4288
3975
5555
9134
4527
8951
1167
9292
3435
1169
6026
1912
6529
2362
5233
8421
8303
1161
564
2509
8531
810
6018
8180
872
4771
4368
8940
2150
7439
2834
3579
9935
2716
767
5840
8315
2061
1066
4730
9943
1376
2743
4161
5777
7088
9255
6450
880
4148
2391
3250
5271
7145
2589
3279
9492
849
1949
6608
7884
5267
8909
5258
3590
2557
8427
296
6138
8894
3121
6834
3578
6315
8491
490
591
3251
3107
2081
8650
1134
359
1534
8769
2070
1096
2701
1411
9131
2431
8859
8891
8495
9767
4228
1119
9779
36
948
8149
7211
7759
6785
1957
4221
5688
5021
9569
3269
4309
8532
9069
369
6264
2459
7902
9984
6006
598
7867
2006
7698
1845
2870
7286
9178
3124
555
2112
9151
4881
5073
9384
6966
7400
2091
7928
7734
7004
3099
3748
9670
849
5490
2771
1595
8634
7685
8699
2532
2222
1606
7423
5289
2397
627
5971
1014
3924
5295
4148
8411
7023
6153
9860
7692
5326
6846
552
5669
6887
643
9674
5749
2765
688
1358
339
509
748
6201
2910
1693
9500
1837
5420
9006
7789
4562
8190
9129
7349
5295
2662
5583
9253
3155
9958
2662
1264
9750
607
8050
3265
1329
5896
1862
2493
4248
247
1591
1786
7629
5295
9144
4029
2299
1506
1846
8839
8898
2801
9524
1393
9224
7831
331
2505
2491
4966
1847
876
9711
3218
5783
9056
9652
7518
7488
1549
6282
3654
7771
3356
7887
3
7213
8849
2987
1822
5275
5735
3789
8754
5053
1163
2008
3389
7924
7998
6044
9020
163
2690
5068
8666
7420
6299
4344
6583
645
2073
7164
5839
2470
1750
3401
3490
8292
7969
714
5282
7234
8575
8104
5401
4904
9722
2244
107
5003
1960
9375
4587
758
4424
1669
3487
320
8538
6040
1783
9091
717
6044
5238
240
7223
8597
9381
8563
5352
6537
3264
3777
3683
6946
6884
303
4517
2138
8893
9530
7148
6028
110
3983
3096
2298
1893
2950
2672
4069
8962
7325
4044
4463
1146
8404
7955
378
9452
3992
5167
6500
5010
5552
4837
780
9201
8969
1453
6368
5365
9516
6981
3919
1735
21
4502
578
6551
1707
7641
3086
217
4004
83
6422
1069
7912
9623
6183
8610
5578
5529
550
9905
4901
7524
7326
4281
408
9325
8398
5738
9851
6091
5290
2145
4556
2798
5835
495
1981
1282
8432
6268
1608
6701
7395
3315
3279
9057
5294
9843
9280
5117
9347
7566
3589
5743
673
4827
7126
1325
8968
4567
6231
2661
9266
1151
9469
2846
5733
2850
5306
2223
6623
5851
5045
3116
3840
7747
845
2455
5887
1579
8728
9659
6039
8896
9657
7125
9359
5995
7237
3036
5851
3810
6602
3897
7032
984
6372
8409
9935
3987
3169
581
2098
3466
5517
249
3996
2594
438
2249
5494
9437
8331
6800
7710
1746
7133
7682
9510
6993
8762
2631
9892
1492
7733
8792
7504
8616
6655
5585
9684
124
210
9776
3553
847
4879
1563
2884
8152
7325
4637
7677
9587
6934
2247
2516
9375
848
5576
6925
9319
7001
4202
6162
9304
1061
3362
6802
4340
8740
3834
1868
1337
9653
1548
9842
8496
9145
8332
8761
7695
6296
2598
931
5896
6885
5334
3866
374
5550
417
409
3697
6283
1489
7835
1034
2110
8495
571
448
8892
2593
1555
3732
7471
2053
3567
8005
7129
7033
3090
4173
3024
7352
2965
9671
9937
3719
5884
4665
3873
7713
1181
171
8857
1190
7111
6957
9605
470
660
631
767
9378
1907
5055
7199
2537
6708
6858
5757
3430
9708
3789
1784
5361
3535
81
6897
3913
3357
4678
8823
9465
9185
5122
4652
9725
2978
8359
1781
1744
1402
8304
2978
4299
9932
5020
4658
2412
146
9502
3295
303
1675
4404
5077
8510
6391
1149
4585
6221
6128
8544
4523
8763
8184
4476
8989
8185
5675
9431
9217
264
7676
6329
2246
4419
5066
2475
8572
3810
4806
4269
9915
7083
9112
5514
9791
3351
5443
9341
8800
3146
7412
2447
8526
5193
2727
6332
4759
3287
1084
8934
8712
4976
5815
2475
744
9165
879
3576
3190
5953
3503
5595
4958
1751
4595
2134
5011
8248
5645
4464
5296
7349
1244
7895
1415
4032
6677
1897
7659
2991
8325
2996
2538
4958
5629
8605
5929
8822
3219
2097
3399
5630
7870
8877
2905
2704
4638
9537
7489
1086
9162
5316
4712
3180
7980
5994
989
8070
4142
1601
6757
5061
8248
994
4765
6590
761
4241
2631
8174
5156
734
9322
4295
4613
6394
1942
5157
4903
3583
1791
5351
1320
2151
4224
1136
2768
9969
8929
9553
8348
1970
9324
5355
2049
3713
9840
7298
5640
9942
8459
5525
7710
4229
8223
2366
3792
8635
1251
1940
3938
6622
8515
6944
4284
776
213
7261
2820
7692
2772
3838
3703
6409
9068
6098
6035
966
5324
5652
3205
8652
4627
3874
9718
1875
2308
7519
9119
9361
1471
4951
6897
9580
7429
6742
4395
9071
2528
6695
771
8122
5116
6702
4184
816
5500
9234
4004
9953
6244
1792
5457
1732
3693
6782
6348
8375
8351
5122
831
7298
4054
7613
2826
8725
6596
2250
1393
4971
3488
4018
744
8113
6440
9387
1487
3962
1143
2959
8735
8866
6217
3631
4429
5075
5367
2640
6015
6303
9584
8552
508
706
3628
9294
2650
4252
8250
434
6026
2251
2681
3860
2612
5891
8005
9818
226
5675
441
7685
3509
2125
4126
2207
3589
7235
8673
2145
3169
1417
8814
1463
7553
8046
2733
6871
4631
7085
1179
8913
2105
3872
8715
6147
1802
9465
8463
7503
6643
4754
361
2457
2949
4904
8931
476
7298
7653
1443
6729
7627
2660
7913
4627
6325
7839
9792
6793
5905
5258
1340
7009
6697
7437
8059
6357
1700
3688
4805
1701
1202
9999
4855
4161
6460
4952
7507
2077
4067
5484
9992
7840
7136
3527
9480
6036
4498
8055
5527
6906
943
4326
9007
1507
1709
8905
8528
9310
5979
1187
9781
8983
5111
9085
9558
6619
7858
8085
7352
6965
6166
2556
2240
1539
9097
3100
7603
6971
5702
1559
1562
2955
1883
7966
517
4600
877
4644
4064
7078
3007
3905
7039
2178
5692
5383
4622
4459
4694
7971
2641
3221
6349
8601
945
1322
8140
7103
406
8635
9027
8363
7973
222
7494
6001
9909
6270
4862
1532
969
2076
6227
4529
9389
1781
8839
1258
5402
8004
3410
235
3887
4294
1021
6521
9651
7790
2898
6524
4006
7353
6613
1521
4351
2852
1635
6587
8036
2959
9670
5237
3452
8591
700
233
2224
2124
359
5670
8029
7758
6709
2120
3305
3817
6486
58
515
7878
9162
5629
662
2576
9704
3339
8802
4034
1169
678
3913
7475
7258
110
6680
5403
5939
9390
4702
1480
1181
1197
4248
8381
4133
2790
4450
1679
6859
4019
84
9513
5358
9638
8442
5969
6216
8817
2582
6401
5186
7254
5581
4855
3616
9869
4439
1293
2081
3718
326
4620
6259
3749
9145
1647
3734
6860
3547
4737
35
2461
2644
5979
8203
8789
6697
3048
2916
3507
3719
8095
3021
7332
2369
526
98
1281
7012
9092
1377
4587
9463
4278
4377
9194
6784
8933
4434
2203
8465
5603
6634
6954
3298
6733
7595
9875
6915
5984
8196
607
1743
6964
9933
9303
492
9757
7940
2967
5567
1614
3954
5093
8371
7913
8459
8008
8641
6119
4467
1443
8622
3255
9967
2290
8747
7285
8333
9745
4936
4370
7160
5135
6249
7813
849
7118
690
44
261
3774
1570
7940
8466
7543
2773
9113
6073
8779
6666
4793
744
5500
7615
5881
7617
4313
5677
4047
3221
373
3364
6461
882
5911
8180
8663
1632
8839
6613
5252
5934
1884
5761
5868
1919
1740
1540
2911
6753
703
8886
2478
1423
65
7469
1858
4920
6239
5762
5111
5316
6244
6433
4666
2276
3931
7870
7416
7687
3461
7731
1170
3440
3339
8137
3097
3558
8334
1184
9938
2963
8911
9618
7916
3049
4799
827
275
3546
5240
8662
8204
6402
9416
9371
1701
8688
9113
1691
4526
2560
558
8598
6138
8349
9050
5414
8471
9868
9906
177
6448
6805
283
8038
9055
7960
154
2450
1364
5622
2781
8851
7216
845
8633
2258
6701
12
6819
9191
1622
5975
128
2851
879
9660
3030
5131
635
8483
7234
3019
8990
2426
3828
956
5649
9376
9696
8568
4453
5526
381
4709
4752
2351
9368
115
8455
9481
2106
6040
7475
127
1079
4071
4530
3831
199
4174
5061
1877
3069
8933
8255
497
7620
5786
8667
243
6827
844
3138
7076
3921
8204
449
1308
6389
5290
2032
7822
6568
109
8960
8662
6705
2177
2312
5648
6289
9779
3954
8275
5423
5196
6078
6413
4669
9932
8615
5196
3929
5940
637
2928
5227
4871
9633
5671
9695
7585
1041
5570
2111
6754
8857
1615
2456
7471
853
1389
7315
1823
595
8890
8775
6342
1510
8771
7360
5318
7332
920
5498
8000
6854
9258
3465
9140
9927
5619
4965
7860
2650
1241
8197
3863
8360
1218
1332
1054
5916
2344
2721
7712
1662
7712
2633
7968
6245
2491
7265
7573
3541
528
2356
6717
5781
3274
4194
1842
5768
8835
1917
5726
3972
6188
3370
1733
8174
6678
8401
3155
9057
3092
2051
779
6880
2427
5881
4183
3082
6267
845
9056
9785
6207
7180
5587
4334
9680
6627
8195
882
2969
9337
2853
8226
1226
774
6454
7354
524
5828
143
3796
8303
946
4795
6216
8489
9382
6066
7953
7886
3656
8296
3905
1868
472
9051
332
9851
6139
4341
5892
134
8599
2687
5704
157
360
5782
4832
4439
7698
5520
7148
3556
8036
6056
217
9415
2760
9066
5989
8585
8421
9338
8351
3440
1298
5654
4367
1738
4570
7969
9513
1580
6990
2914
8414
3092
6646
5993
7482
3785
5993
8015
2272
5509
5201
6027
9271
4193
1648
5007
2682
8506
5404
9423
8521
4084
4064
9796
1467
1699
5036
6844
8425
1240
9446
642
6677
9623
2876
9597
877
401
4701
9954
467
9237
2335
537
1260
7592
3984
6688
1596
3533
8549
3722
4209
9853
5739
35
7978
8888
3617
8902
4214
4835
90
9724
640
5730
5628
7553
5079
390
3627
499
9989
3011
8256
9319
2061
1300
6788
5222
2721
3156
2918
5036
1761
2061
158
5058
6011
5071
979
547
5387
3226
8333
9882
5810
9089
9107
500
2255
8568
9123
8697
1768
9041
1626
7297
4750
2503
8090
9751
436
7253
6801
4232
3329
1890
9823
5028
2241
8691
1622
1918
989
3899
5350
1378
6888
5610
9883
5198
6183
8988
9321
3844
3048
3688
3489
2158
4093
2539
5537
7239
7844
9251
1732
301
4789
3680
6277
5592
5720
9484
8740
5629
2962
1879
504
863
5922
2139
2252
4503
2955
6216
6922
222
7728
3737
1589
5658
2447
9539
246
2448
1937
5102
3478
1137
8249
5856
9431
7889
7742
9707
1224
5827
9023
3100
8403
1124
1968
2403
7692
2740
7284
7609
1882
231
7691
3051
5334
8883
7449
1718
6792
3586
1287
4841
7283
3909
2251
1881
3629
1563
438
7790
1158
1498
564
7074
647
8363
6099
6666
6213
5461
6354
7674
8280
4259
7217
9055
7792
7070
2582
896
6854
1167
9288
3610
2122
1486
964
7340
9588
4067
3103
1169
768
8884
1193
7804
3842
8353
4557
5271
7358
6879
3826
5779
2734
1440
4024
1966
2307
2820
6405
9946
313
6772
7254
1611
6307
6269
9460
4848
5507
4704
3067
5613
3546
8477
4068
7332
9190
3565
1591
562
5849
2993
5459
5277
1973
8080
7296
1676
1536
4263
2630
5702
5900
5324
7244
1054
7639
9381
9644
768
9522
1448
5050
5164
5172
7588
4982
8586
3130
848
9340
9956
9113
4863
4306
916
377
3488
3068
7362
8156
6131
2112
2109
2060
6716
2083
7509
6013
2167
5723
1121
7274
9787
5287
1199
8013
8457
3349
6742
2061
4400
9883
1328
2450
5961
5469
5965
6158
8793
6481
7630
1287
2349
3204
8315
1180
3882
6155
7068
9852
8343
3966
2657
4127
6806
4959
5901
385
211
3063
3313
6440
8747
3560
8519
9364
6465
1001
4696
9434
3865
9705
247
2284
8684
6482
9693
5082
2585
1979
6929
7667
877
8854
6280
9501
192
9326
1737
4906
466
9224
812
7116
1846
5295
8624
4053
1105
6707
4015
5108
724
4552
651
4179
5040
9207
8598
3027
2027
989
9257
7661
4694
7981
3596
1852
8788
3171
1441
8107
1642
2730
1129
6837
6411
8803
8539
7460
4446
506
4064
1780
9327
2316
6155
2951
6533
8367
2861
3501
8658
2094
8784
6840
6360
1376
1825
7645
9470
3138
692
8008
5858
7638
7274
7313
5856
5922
8305
3633
3749
3050
1396
3573
7192
1262
1115
2281
9354
7738
3156
9191
1892
3417
9477
1905
4560
2299
1398
7567
6370
2430
2261
4088
3006
6292
9686
6876
6131
4937
9547
4836
5008
6244
7767
7488
3277
5203
3456
6249
5484
7362
5629
5814
6745
9258
9266
2420
9014
6111
5861
1684
1113
8074
731
9521
4653
1820
816
5613
3501
3176
3415
3121
7207
2158
6737
3033
7092
1064
9405
9510
9356
4989
3413
9407
8260
9937
7259
2921
5913
7173
5376
7693
9384
8360
3992
1104
2629
7799
9589
2338
7425
1553
2036
9473
1410
4319
9293
3082
5912
2449
5925
6252
9986
6194
9502
9887
8309
7779
3187
1703
4274
3676
3837
2205
1834
3648
8452
1623
6851
1428
4521
2375
9615
86
8253
3729
5259
7334
4491
9303
7508
3243
5536
6068
6436
8950
888
1361
7275
520
7607
8496
8885
2231
3962
2168
9610
3595
6219
143
184
1661
9094
9123
7218
4875
7085
376
6989
2015
109
9117
9468
3531
1037
9683
1125
3467
6560
9872
9862
4148
980
7044
7258
3241
6510
495
6624
8103
2916
33
3044
2999
8150
4434
1496
7024
8696
6728
2271
5201
5088
8841
9423
588
8265
6096
1167
3576
7322
2961
1699
9558
4332
1210
8910
693
5067
7477
5928
7197
1879
8171
2418
3439
2478
5642
7165
8945
8264
8554
394
7912
2289
7461
4486
7048
7019
2298
5820
2628
9475
6385
9885
9609
6823
7063
5803
5265
5662
6310
9961
4489
220
4975
5366
8587
2007
282
6859
3536
9256
3983
970
1990
9784
4628
2231
6369
6000
5712
9018
2068
2360
8934
4895
7863
3307
8078
5875
8766
1386
7353
5352
7937
5377
6651
4392
1936
785
6635
8601
4616
7871
5566
4783
1620
1726
8018
563
6487
5004
9639
8572
6662
7662
9513
8396
378
78
3590
2111
1847
9099
1242
6921
6334
3812
6808
6845
8206
6538
9641
9489
2124
8892
2645
9370
9844
1973
3977
5866
8629
1335
8074
8345
9965
6014
3885
3540
1364
6283
9941
8311
3861
9562
8321
7921
8505
446
4198
4225
2937
211
4059
7648
6618
7040
4432
2058
5688
1297
9282
5725
370
8217
5236
7111
487
7037
2707
6820
382
5806
5117
3903
988
9400
5674
7726
3022
4516
7206
7412
3240
147
2557
6872
8924
5873
2673
520
7634
4514
7004
6525
5850
453
1999
142
4988
7543
1750
5292
3842
4162
5985
1511
2831
7522
1451
8953
957
5649
756
1343
5578
7576
8086
2687
8454
2380
4735
8819
7894
9819
386
1538
5673
384
2454
2000
9655
5733
9680
2960
6857
1843
9164
6241
6560
4223
897
7462
9049
2300
8014
6935
9319
8786
3265
264
4619
2022
483
5443
9182
6226
28
162
5374
7547
3260
1554
8380
3847
3717
361
8819
2243
1612
5286
6220
2536
6396
1341
2379
2550
5689
4785
3422
4837
9578
6357
7119
6217
522
3485
1723
6077
1327
9501
8597
9637
9202
7942
9546
4239
7000
2431
7359
2572
2701
5953
3858
6010
3267
5600
344
3627
1490
2775
736
62
3037
7312
6530
9562
1771
5059
2859
3815
1625
9433
687
5568
3660
2064
3724
9937
907
9726
1426
1761
4922
3096
8172
8653
1660
6553
6038
6618
8090
7254
8053
6986
9992
196
7590
3424
6760
5771
6224
4818
3782
5260
1507
8072
8216
1650
5797
5025
9080
7573
8699
2658
6784
2460
7555
383
2434
5933
3916
7693
846
4281
28
4716
842
8858
7401
6720
4995
6510
198
1816
361
6902
6412
2587
2553
2294
405
998
1233
3932
7204
4136
256
163
3484
1707
3093
9050
4394
8195
4566
371
3835
9033
419
9627
5758
326
5460
256
7448
452
3245
8027
2495
4176
1240
6532
9076
2291
3473
9887
954
2940
7053
8893
3058
7427
3596
9244
5783
6496
441
2746
8193
6345
757
3817
6464
1230
9493
9182
1013
5453
2620
5227
682
6609
8759
9967
7854
4204
637
5596
2149
2029
3684
1083
5941
3682
4335
6421
7200
7530
9723
4832
1121
4464
8290
3009
8987
5545
2784
6319
6218
5491
894
8536
3103
1283
5672
8841
7410
7833
8151
182
9424
8911
2395
9206
3062
8395
1086
3194
7003
8696
8532
3035
3136
2065
3122
7936
694
1442
4421
2789
903
651
1040
2188
1772
2788
8216
578
4711
4117
2998
8403
149
9054
5412
23
2815
6504
7986
689
7840
1565
8738
5969
2897
4204
3800
7947
5147
4068
9707
2259
7669
1240
7303
6273
20
1399
5820
3484
907
4329
3971
2278
5939
7969
9285
7506
3469
7908
4662
6672
3637
236
2070
3854
5312
6847
9296
3635
8207
4579
5915
6972
7339
6573
3820
3205
6025
5947
5028
2270
5474
1808
9233
4213
5790
3404
6702
9284
5609
5514
4696
4128
5953
5320
5555
2977
4573
6238
2742
5745
1447
2168
3533
9720
5776
9114
5303
5544
2423
6061
4751
828
2557
2628
2926
5011
6728
1069
5151
4003
3897
3521
2126
2758
9929
240
6084
1836
2491
9508
2831
3363
464
8743
4620
7653
9413
4567
5172
2767
1218
8915
183
8530
5900
4354
6202
2775
6244
3972
5170
1281
911
1533
1349
3973
9568
3385
6819
2423
7491
7394
8642
5311
2977
6119
9246
1213
4343
4772
6138
1468
2939
9792
4209
5401
4411
4222
4712
5985
4608
6235
1386
1833
2850
1487
1419
4361
7108
4630
5266
7343
901
2711
1276
8979
1441
6794
7967
2186
7688
8008
8592
1068
1238
4129
3658
3804
1405
4781
170
7801
8184
8611
9667
9578
6799
5568
2231
3224
1033
1784
11
9591
4438
3289
1796
2297
8271
6712
6994
3651
2639
5548
7018
8391
2524
8880
4873
3196
1007
8805
7412
7407
8802
9820
1445
6670
9058
2130
6319
1332
6321
2699
176
7548
5811
6835
9490
7118
2520
222
9049
5335
3947
4436
2666
2214
1115
288
5359
5796
591
9909
504
4412
2978
6601
8441
9170
8581
1291
4036
2374
3490
7362
5494
951
8349
5692
4597
4035
2453
4328
6011
9541
6549
1148
5201
4325
3822
6318
7892
4137
3945
7888
1464
1712
3153
6932
6627
8841
7145
6976
8785
932
4039
8413
1173
8682
7003
7687
46
1221
5999
4604
1781
8453
6343
3263
4023
9662
1920
6048
7226
8646
7440
4215
5775
205
7251
5190
3952
5279
8956
5484
6194
6279
8964
6550
3751
137
3443
981
5579
315
8003
2785
1241
9676
3337
9426
1978
9914
5985
4385
5746
4454
9410
3503
982
8493
2838
460
8141
6918
5214
258
9568
5444
1055
9982
4353
9803
8335
1545
898
5102
8244
2608
5542
7557
39
6627
3363
7594
3326
6515
9510
1964
8677
2595
6156
3229
4973
3981
6405
5358
6821
6377
3369
9133
5954
3720
2117
4372
3142
7792
9974
5011
559
5230
5818
2041
131
1775
6600
3193
6691
6704
477
7146
4548
9014
3578
5428
95
8348
7664
473
1869
6517
1321
4247
1735
4002
4154
4936
2577
7830
5261
2679
1339
140
2806
6181
8576
1085
1475
4782
3269
5964
5515
8937
4702
8745
3761
2952
4633
2381
8183
6189
6660
2854
2826
3322
206
4796
3149
5810
8656
6291
8864
6570
5203
5330
7223
4445
9603
47
7600
9585
8743
7206
9348
9944
5668
4896
7068
7937
2340
573
2233
4771
3434
3242
3389
5070
9866
252
1273
1658
1731
2827
6946
5735
8376
4843
1778
4316
5211
1395
7070
1037
2350
6347
9767
9381
2270
2840
8555
6585
1241
4077
2499
8644
240
1100
3732
604
3853
3536
5879
9262
2363
7708
9132
8682
359
2110
8125
7507
7273
8175
7040
2641
8991
6613
5460
2483
8012
424
2511
3930
5043
246
1841
965
9035
6153
1573
1265
61
9999
7886
2986
3820
9692
3694
13
3095
7992
7299
7849
6718
1198
5555
3232
9238
3181
7510
8412
3418
3918
7677
3986
4671
2130
2960
8768
4063
8518
2376
2351
7260
5088
493
8377
7067
2946
3588
1916
9143
7288
5551
900
9869
3426
6165
8470
4945
2113
4671
3682
2325
9286
3982
5785
4722
910
4105
2484
9689
9075
6916
7604
6333
6539
648
294
9981
5079
4520
3812
4185
3468
1686
5714
2397
5107
3890
3065
7537
2134
6047
2978
7867
8995
608
6026
7047
5720
3377
2757
6853
4434
7820
7170
7627
2233
3855
5151
4456
6073
5909
5263
675
133
7345
8008
2123
1650
6583
9211
2007
4226
6978
4893
1321
5581
3142
4210
6313
8144
5911
8250
2675
3668
4558
3053
7747
8100
4293
1260
3037
4219
5119
2024
6803
4256
8596
5981
6659
8176
7203
1629
3480
7071
872
8546
6905
8797
8713
4917
8765
4246
88
2457
9546
6697
3675
696
1648
6833
9646
3819
2604
6967
8659
9270
6299
6453
8582
9771
8106
6755
7422
4622
740
3611
8008
2333
6114
1643
9487
5075
1698
2002
5150
3104
1615
2435
8694
3809
1380
9447
1403
4133
6672
3804
7914
3898
7679
8642
9872
3596
2981
1140
2608
3886
6770
2458
5652
7534
689
7018
1799
8440
9557
7243
6882
7080
3282
2087
1504
1026
6290
4057
7682
6218
8351
729
1598
9055
9179
6799
2112
739
5987
9652
9846
219
145
3465
9083
8049
8670
8117
1484
1031
2047
7985
3352
4143
7794
998
2314
187
4187
7933
2026
4488
5470
1329
9103
4932
9003
8597
238
8248
4980
346
1091
4863
5260
601
5305
942
584
8764
4283
6112
4363
2079
3700
7348
1304
4077
2296
4764
3039
5072
2891
2729
590
2195
6276
9465
8671
6442
4321
2936
1565
4871
2988
6389
4301
5626
3487
8205
4914
1774
207
9940
2231
4037
7820
170
7856
1149
4571
20
6617
5266
520
1269
5291
4076
3007
3495
5887
472
5354
4814
6160
5429
3301
4747
1280
8468
5677
6149
8152
764
1890
4446
4329
1548
2280
3236
7423
9739
6886
2291
3695
6580
8430
1279
9255
6935
6253
1878
6468
6413
6642
5835
5958
8765
1434
3581
8325
131
3271
6808
1582
1016
2658
5393
501
8963
4191
8646
5857
920
7953
1676
3576
8234
2890
8115
5933
8047
6785
9606
1188
8974
9660
5015
2390
2670
4903
8759
8537
9226
7415
5621
1122
2175
2892
593
1183
6284
6554
6030
4136
4770
2081
8143
4329
82
50
5064
2815
1142
4347
7061
1505
6100
4212
6196
2977
890
7314
8608
3582
8970
2147
2867
8777
9064
9689
3843
7096
9764
5339
9256
46
8891
3374
4632
7760
7601
9926
1116
3856
2204
8268
146
2597
3987
2893
6848
8683
4016
5413
3523
6920
8542
2519
7195
8729
7017
6306
3809
7445
4941
3473
7617
1439
4043
564
4789
8614
1206
4479
99
5904
7280
4861
2092
8720
2268
9763
4820
2540
596
8136
680
6493
661
1374
1746
9630
8163
1507
6519
8480
6044
1477
3065
8424
5813
5413
1687
2057
3832
4238
5533
4521
9691
5956
4120
7570
6753
7427
459
7136
1339
785
1549
6212
9070
4832
4597
9565
7115
5593
5468
7460
1438
8445
1700
6521
6740
6438
4256
7137
2712
2742
1019
9767
4822
1675
121
2993
4146
4078
3119
989
7208
9738
8410
1784
3873
5947
5217
7494
8767
541
1138
2021
7483
2670
8885
7020
2747
7243
6525
9232
4848
9783
6745
1241
2639
5978
1148
3724
6514
8382
4340
6397
9054
1072
8323
5865
3738
3103
3911
1287
503
4067
5347
7273
8459
1520
7922
6378
6300
5909
3651
9291
9744
5908
564
6429
8656
5056
8214
9100
7640
2529
115
2878
1765
2194
1707
3010
4244
8624
8418
1229
8729
1087
1076
8251
9191
5910
8808
1269
5148
8863
3551
1825
4696
7024
5104
5025
7106
2981
2029
4460
3127
1650
5898
7294
2029
4964
6466
9401
5905
641
892
6212
1739
3210
9807
9061
9184
6700
3768
9328
4627
8508
6726
8351
6918
8969
957
3084
804
2155
7735
3771
5945
8375
7183
6179
3221
1857
843
8082
464
730
4055
5291
2277
1527
8766
3487
5650
2742
4026
5277
5387
1022
15
2403
2822
5643
7901
4491
9930
9575
7128
9859
8813
9465
2716
7658
5888
5611
5167
7978
937
2660
254
6424
2773
1666
4461
7414
141
3680
9885
6730
645
6142
5689
5605
5781
1411
2839
633
5313
8905
7364
3964
2879
3703
9962
2915
9835
5503
6294
6135
9843
4046
7197
6939
3269
2328
796
4526
6133
5662
7064
2200
5748
8505
4758
8583
4774
5757
1016
2904
4405
5915
7043
3131
7993
760
192
391
4359
6447
2701
174
5030
8473
6767
3329
1378
2863
8642
1019
8627
5144
4064
6340
1653
7129
9950
8459
6488
3384
2713
3307
6497
1180
1390
3348
7216
7104
5822
1116
9710
7437
7533
5161
1380
6945
1879
3962
8169
2334
4599
2937
295
9583
2945
9384
1324
9253
8862
2872
7806
1795
7176
7143
7890
2540
7368
2222
2074
4526
5737
2404
2333
1813
8607
9328
9883
5092
7697
2208
267
5714
3039
5524
4266
7415
2990
2296
6837
250
9118
854
4145
2038
7834
7044
1603
4923
6524
3557
8587
56
7673
3078
5867
4670
7776
8155
7309
5718
5401
9533
3773
9289
8086
6739
5212
5561
7851
8758
7210
3930
3030
343
5862
4340
4879
8180
3864
7682
8398
6223
543
3918
4211
5212
233
7838
480
7226
145
5293
1042
6521
762
6991
2013
1134
3964
8744
5873
1652
827
3998
6001
6022
5760
3644
9169
4841
1549
436
5326
2247
6902
1945
7061
6528
5777
4084
96
5508
7972
4785
9292
7858
8292
4505
8399
1744
9815
2431
680
2497
5044
605
7146
5456
8337
6791
1632
9026
3574
473
91
1046
3786
4682
1415
2177
6052
1817
6176
8489
9328
2889
6982
5185
6111
4316
115
1941
5701
1214
3793
8571
7671
9793
9730
9064
1833
7941
3153
6084
2666
5799
3930
8739
9745
5890
1117
3677
76
9147
2296
6675
6974
5107
1568
4359
2839
3032
8276
9361
2501
3627
8151
1504
9756
4064
23
4814
17
7262
2130
8823
9772
5847
1229
4711
4440
432
88
5870
3813
4123
3027
4255
5389
3503
8226
7863
5053
8535
3665
203
4916
9692
1959
9175
2903
7582
8737
5369
3570
7074
6186
729
9876
5948
91
9497
2413
5538
8372
270
793
8624
5191
9145
3120
5229
7134
7201
9358
5383
7377
6367
2898
5338
8918
1357
6519
3568
5125
6950
4837
8782
8660
8537
2343
7107
5861
1345
2703
3133
4554
8925
187
3097
6116
5588
7624
7669
9320
7451
3929
4907
6009
4311
242
2841
8111
5865
1834
391
4643
1948
2677
8369
7505
2240
4184
3882
2466
1299
3999
5669
6165
3344
9991
1964
2757
1295
3616
7332
6010
2246
7255
7870
9667
4903
9787
5420
3285
7541
6987
3032
6586
8580
1131
8308
9959
9076
2177
4216
5867
8321
4776
7553
8637
6719
9407
8374
5059
1342
9267
7097
9086
9633
9035
8207
1189
9919
7957
520
7263
5335
1508
1277
6486
5938
6615
7837
4378
5633
668
9089
9976
1073
9529
8793
7052
3081
8744
337
839
3788
5676
499
5376
1560
6555
2921
2403
6646
5453
50
4730
5294
4372
9701
2010
6715
7254
1883
4211
3116
3078
4879
3057
8614
2783
2990
8177
6038
9904
6841
1226
1464
5617
2018
4532
5998
6534
6547
9562
30
9870
2543
1669
3626
8078
3096
3027
9917
7542
7133
1016
890
4751
8714
9074
5095
923
789
6433
3435
6424
8746
7804
240
2400
994
9032
5278
6999
9750
4647
999
1167
2792
9635
9109
4125
4946
294
3308
1650
3082
2536
4495
7228
1356
2284
5084
7169
4735
4788
1311
1494
5833
210
3706
7026
5884
36
1677
1069
5693
2731
4717
1407
6187
9866
1330
7488
1840
2298
4748
5587
9877
9419
2982
8286
7530
1858
8071
6791
3854
8227
3062
2794
9014
8817
3719
6735
8540
939
6029
2547
5631
7968
2555
2955
749
1293
9228
4382
9538
2214
2833
5710
4713
4555
602
5959
5219
478
7673
9145
2581
2338
7008
3120
6094
4884
9345
9054
2630
8401
7416
3375
68
4728
2828
9251
1345
7329
8777
5173
2938
4377
7681
5131
5375
892
2538
7889
6433
3745
8857
5429
9354
3350
6878
7078
7451
3217
3139
7657
9867
6051
9898
1848
1911
47
6258
6900
5354
2132
9687
3920
3466
4289
4967
2506
2711
9953
1618
6599
1046
1926
7108
6424
8249
7817
4779
318
5042
6724
7048
9093
1848
8222
7674
3300
4249
5124
852
9928
7967
6594
1304
6249
8896
6512
1710
5503
5882
1216
7708
2862
7749
7849
5556
5402
8721
6341
2376
3216
2406
1669
8837
2746
5365
1324
1727
3664
4716
2565
4414
9061
8220
6327
1882
9384
347
9702
2133
5176
9069
116
2503
9896
1621
1490
5644
9506
6057
4715
7839
1935
1214
3959
6872
4878
218
5938
9030
4683
4163
6634
2556
5728
6843
7415
9672
9014
2901
1927
4142
2800
3722
269
5601
8800
9316
9749
5323
5172
3532
2983
6968
5031
8118
3714
2853
4390
6331
2998
4205
3295
1279
6441
7875
5722
4818
8242
290
2072
2328
1690
5785
7517
7972
2492
2667
8811
3721
518
2239
7979
3272
6720
2665
9720
6378
1475
1300
7839
7681
4579
4136
4622
3806
294
132
1682
5567
5750
85
757
9170
2275
24
8700
9042
9037
5227
3566
7889
848
7402
6200
1951
4858
3657
3080
5271
2336
8841
5418
3185
4563
1385
9599
6614
47
9003
5263
1376
6839
2687
1749
9134
6624
1466
1634
8515
5248
9175
5007
9169
2187
7409
537
75
7276
2432
1766
7546
1446
1279
6425
8043
119
3893
9283
6620
4161
4991
2955
3240
5451
1243
4790
9088
7551
9864
5511
6441
2601
593
3769
192
3074
6623
5043
3075
644
5259
6864
1108
9818
5809
9603
6411
4239
462
8721
6684
2681
5666
5719
6241
2609
3905
394
4473
8034
3828
1724
2501
4890
7270
2137
1822
2775
3070
4108
1367
6102
9480
1544
106
6014
8738
1276
6185
5888
6226
4957
8483
7902
5317
4681
3668
3014
836
2995
9783
637
1214
4036
7951
5919
3022
9150
649
3197
1945
6076
9128
1713
6319
9239
6423
4133
3430
9489
2474
4476
4484
1017
3587
1449
1400
9821
7479
1296
8417
280
6016
6374
9867
9668
4292
4975
4327
9533
7151
9843
7604
7086
9981
5090
8069
7729
329
2685
6786
3500
9337
6863
2847
8412
3476
9675
4479
5381
4192
5709
8262
3411
2938
1008
7299
8827
7418
5427
3733
8303
8579
3480
5795
7478
5008
4184
9381
5843
5827
3416
902
7295
6504
8646
5347
7380
5139
5846
6013
3298
3965
9501
1909
4105
8404
7278
6149
1655
5971
6008
7118
4123
2121
5704
1499
3628
4677
1977
4411
8382
6295
8980
8736
9222
7106
3104
1294
989
2309
7651
7197
1344
312
7569
8873
4546
6255
2473
7270
6989
5369
3665
6928
8631
8996
4927
4446
3599
7421
3815
3606
2133
6452
4439
3230
5935
1091
5846
2160
3789
6287
9479
3036
3388
9016
6709
7690
2745
8439
5694
5669
18
7203
386
9148
7513
3689
4405
2776
7804
9661
6687
919
6284
2661
5113
5397
8522
7288
8879
2958
6675
4732
4272
4340
6408
4359
2085
8953
8625
6820
4737
3210
2721
652
8835
4828
4565
9305
8135
9919
2433
5987
1983
2644
6286
9243
6000
1410
5822
8199
7896
2295
8656
2714
5235
4017
6283
1262
9993
6018
9744
124
1080
6717
890
6974
8078
2034
9486
5046
8631
584
3231
694
8349
2979
49
4168
5770
8728
2395
385
2579
4670
5658
4398
3048
7856
6405
5506
349
324
3948
2317
9264
3251
223
7571
5986
1346
5265
4872
4228
8427
9007
578
304
5319
9919
4904
5547
508
190
2765
3452
2005
4747
1815
8394
4467
6065
1798
844
7533
7393
1070
5804
3207
650
8225
9338
4854
6299
1863
5428
8700
6304
7729
4316
7341
3509
829
4992
6875
4903
7319
6532
7551
214
3327
6285
3525
4255
8997
7824
7618
362
7866
1321
7238
1735
5289
3201
2510
4508
9089
1184
7956
2070
87
3531
6207
2636
9614
630
1770
5110
4890
2833
7068
7807
7580
7244
2506
214
4795
9756
9698
6896
3973
4064
3378
3775
22
7652
1165
2916
9600
4927
5694
4527
8374
5485
1011
4086
4193
661
8101
1091
3983
9658
1320
2681
3333
854
8876
3915
4160
9152
1026
332
8901
5478
2254
7836
7945
2391
4996
9620
183
9563
2806
5801
2144
4767
6580
6049
3501
7823
7349
5781
2805
8334
7351
174
1018
9407
2828
9953
5366
5224
5647
6429
6942
6870
9818
2998
1999
1213
8081
9693
7193
8074
5299
710
3845
6497
1931
9590
790
5136
213
6726
1048
8575
2903
5043
4338
2260
6179
562
3759
769
7346
551
2467
2427
948
1043
7709
4906
3130
5044
1552
7789
7776
8683
3700
2872
3350
9927
6887
9743
6709
6329
7372
624
3163
8572
6867
4048
6305
889
5050
4804
2190
1976
4056
5967
3751
7181
7172
5832
9147
85
4093
2650
426
3782
9434
2930
8828
7429
9900
7626
9726
1792
2275
1084
5562
231
4268
5847
3986
5830
8979
6452
5409
9465
6281
2139
8506
9479
6030
5611
6256
4846
871
6050
2785
356
7332
8162
4964
4405
1416
8301
440
6358
2881
661
1149
8156
3321
3620
5646
5559
1180
4414
8622
2919
9068
1666
9363
5533
9430
8562
152
727
9356
5792
6851
4905
8540
8898
6859
9773
3553
2509
2372
9306
5388
3826
8128
8987
9739
142
8356
8015
8170
937
8789
7674
7126
3339
3272
857
1144
7310
2317
6989
6654
4269
2532
8591
9242
5127
1467
1239
2796
2447
9918
4883
916
7076
2591
4265
7823
5200
9516
2044
8958
8952
7048
209
676
3151
7612
2328
1198
5895
3248
1101
3862
6696
6964
7653
4610
3157
8618
4937
9895
4711
5232
8820
5496
7863
3680
6492
6733
9099
270
3749
964
9459
6805
6106
7065
1955
3184
4382
6256
4213
3843
7835
670
2349
3565
7358
4001
5733
9938
1111
6596
8835
3171
8917
8455
621
2723
3565
7029
9560
2573
4749
6587
7192
5001
5561
4584
3588
7254
5492
5231
8090
6486
9066
6787
5404
4285
5790
5776
7435
5624
1322
2697
6054
8828
9163
2754
9625
2754
6501
5491
7631
7281
9889
8809
2936
5898
6931
7155
8255
61
5132
5017
9687
6161
7078
5390
8876
9616
9242
2884
3643
9002
2500
9552
6627
404
8187
7417
3849
246
8438
6940
487
1280
1228
6533
9526
4664
6123
9595
6660
8685
2606
1365
4406
7126
3926
9461
4257
9968
5992
359
5098
8937
3057
4575
7132
7208
6204
4874
6498
3255
9633
753
5184
4262
1545
6324
8753
9861
8574
4134
5129
244
879
3828
4628
8638
3599
4852
7328
8577
3410
3055
9430
6578
8438
1737
7582
5750
2877
1178
3489
2223
9554
8442
7908
5477
2199
4451
6779
3687
514
3717
1586
6196
2409
6863
9955
1409
4142
6383
5609
8823
3852
9867
231
3192
3667
4817
9467
6279
784
7187
5433
6041
858
9709
5439
5188
1139
6593
3769
4859
5702
9859
9865
9402
8607
5360
5809
5443
6716
315
723
7058
2571
4811
5779
4929
1313
1513
4923
6821
3468
8905
2582
3198
5572
1693
559
5186
6866
1860
5241
5442
2695
8445
713
5873
9998
6626
5442
8814
8321
8478
1919
2118
2445
1059
9864
5203
6483
988
3496
3389
2728
8189
1627
5868
594
1831
8282
7918
8966
6076
4309
3056
2293
4289
4075
6217
1546
4314
4998
7906
7167
310
7827
3680
508
1093
3404
6707
7878
4224
7695
9165
6626
9282
6630
3191
8317
7640
9584
6397
1745
1960
8105
1103
1000
5720
2787
8022
6490
131
3852
6850
812
8812
5675
3489
7105
4698
6415
9161
1643
5763
7611
843
713
3770
8958
5110
4004
2317
7824
4268
9120
6239
7581
7375
5244
4519
3713
1677
613
9254
3249
9510
2495
4929
6647
7468
8794
3220
3479
6982
2040
2950
9446
580
4344
1165
2436
5707
3282
633
3491
4775
8170
7856
7794
822
6035
5509
5399
8362
6098
6468
2634
7159
3967
5981
5141
1913
3850
2552
1699
8206
4368
8086
8829
1951
7547
7122
5403
57
3221
7563
5639
7100
5387
1218
3817
7393
1130
9963
6549
4328
5993
1479
6576
3077
1308
1399
8431
9177
6361
4680
5138
8731
5248
2083
7658
4049
4343
41
7544
858
1121
4055
5502
5262
8426
5152
8928
8542
8224
5187
5584
2230
1027
4337
6881
2206
1966
449
6857
5662
7766
8372
1874
6716
1657
9274
7212
7569
3177
3553
9822
6838
4013
7671
4792
6018
5459
9992
7059
4442
2373
2019
8963
9013
4209
1032
9161
5870
4735
3556
3341
700
5513
9473
5933
1052
7689
8721
4053
6803
1905
3409
4031
9092
9859
6618
3281
3300
4107
626
6975
4639
8161
1087
3586
1613
2085
341
9863
6907
7052
4515
8312
8474
7283
1667
9913
2717
5181
5150
4844
5683
125
3146
8322
226
9639
577
837
4779
6498
6441
5232
2160
4273
1529
693
7598
9007
3696
9808
394
5323
6534
6763
9201
968
2667
4616
1713
1524
1441
6058
74
1057
1136
4842
4558
6525
9654
9482
758
7466
