Dave 89.5 99.2 100 100 100
Betty 91 100 100 98 89
Alice 88 92 94 99 100
Charlie 95 96 98 97 99
Eva 85 88 90 87 86
Frank 78 80 82 85 88
Grace 92 91 94 89 90
Hank 76 75 78 80 79
Ivy 99 100 98 97 96
Jack 87 88 89 91 90
Kelly 93 94 92 95 96
Liam 84 86 82 88 85
Mia 96 97 98 95 94
Nina 89 90 91 93 92
Olivia 90 91 92 94 93
Oscar 79 80 81 82 85
Paul 98 97 96 99 100
Quinn 87 85 88 89 86
Riley 94 95 92 96 93
Sofia 91 90 92 93 95
Sam 76 75 78 80 79
Tom 88 89 86 87 85
Violet 97 98 95 96 94
William 93 92 95 94 96
Zoe 99 98 97 96 95